##FastQC	0.11.2
>>Basic Statistics	pass
#Measure	Value
Filename	mother.0.0_phred33.fastq.gz
File type	Conventional base calls
Encoding	Sanger / Illumina 1.9
Total Sequences	1000000
Sequences flagged as poor quality	0
Sequence length	90
%GC	48
>>END_MODULE
>>Per base sequence quality	pass
#Base	Mean	Median	Lower Quartile	Upper Quartile	10th Percentile	90th Percentile
1	37.899498	39.0	38.0	39.0	36.0	39.0
2	37.743001	39.0	38.0	39.0	35.0	39.0
3	37.710388	39.0	38.0	39.0	35.0	39.0
4	37.70949	39.0	38.0	39.0	35.0	39.0
5	37.647366	39.0	38.0	39.0	35.0	39.0
6	37.683025	39.0	38.0	39.0	35.0	39.0
7	37.587561	39.0	37.0	39.0	35.0	39.0
8	37.598022	39.0	37.0	39.0	35.0	39.0
9	37.548637	39.0	37.0	39.0	35.0	39.0
10-11	37.525456500000004	39.0	37.0	39.0	35.0	39.0
12-13	37.4528855	39.0	37.0	39.0	35.0	39.0
14-15	37.394361	39.0	37.0	39.0	35.0	39.0
16-17	37.3364355	39.0	37.0	39.0	34.5	39.0
18-19	37.23728800000001	39.0	37.0	39.0	34.0	39.0
20-21	37.113951	39.0	37.0	39.0	33.5	39.0
22-23	36.903321500000004	39.0	36.5	39.0	33.0	39.0
24-25	36.810219000000004	38.0	36.0	39.0	33.0	39.0
26-27	36.613952499999996	38.0	36.0	39.0	33.0	39.0
28-29	36.433665500000004	38.0	36.0	39.0	32.0	39.0
30-31	36.5155965	38.5	36.0	39.0	32.5	39.0
32-33	36.460269	38.0	36.0	39.0	32.5	39.0
34-35	36.235251000000005	38.0	36.0	39.0	31.5	39.0
36-37	36.1280655	38.0	36.0	39.0	31.5	39.0
38-39	35.9299405	38.0	36.0	39.0	31.0	39.0
40-41	35.797001	38.0	36.0	39.0	31.0	39.0
42-43	35.545324	38.0	35.0	39.0	30.0	39.0
44-45	35.362443	37.5	35.0	39.0	30.0	39.0
46-47	35.0485725	37.0	35.0	39.0	29.0	39.0
48-49	34.861044500000006	37.0	35.0	39.0	28.0	39.0
50-51	34.542754	37.0	34.0	39.0	27.5	39.0
52-53	34.223963499999996	37.0	34.0	39.0	27.0	39.0
54-55	33.978479500000006	37.0	33.0	39.0	26.0	39.0
56-57	33.637352	37.0	33.0	39.0	25.0	39.0
58-59	33.268361999999996	36.5	33.0	39.0	24.0	39.0
60-61	32.922878	36.0	32.5	39.0	22.0	39.0
62-63	32.384586	36.0	32.0	38.0	20.0	39.0
64-65	32.0020805	36.0	31.0	38.0	19.5	39.0
66-67	31.524222	36.0	30.5	37.5	16.5	39.0
68-69	31.099018	35.0	30.0	37.0	14.5	39.0
70-71	30.497322500000003	35.0	29.5	37.0	10.0	39.0
72-73	29.7859365	34.0	28.0	37.0	6.5	39.0
74-75	29.2927665	34.0	27.0	37.0	2.0	38.0
76-77	30.705737	36.0	30.0	38.0	2.0	39.0
78-79	30.379521	36.0	29.0	38.0	2.0	39.0
80-81	30.3676865	35.5	29.5	38.0	2.0	39.0
82-83	30.263149499999997	36.0	29.5	38.0	2.0	39.0
84-85	29.713106	36.0	28.5	38.0	2.0	39.0
86-87	28.854428	35.0	26.5	38.0	2.0	39.0
88-89	28.276426	35.0	25.5	37.5	2.0	39.0
90	27.908266	35.0	25.0	37.0	2.0	39.0
>>END_MODULE
>>Per tile sequence quality	pass
#Tile	Base	Mean
1101	1	0.0
1101	2	0.0
1101	3	0.0
1101	4	0.0
1101	5	0.0
1101	6	0.0
1101	7	0.0
1101	8	0.0
1101	9	0.0
1101	10-11	0.0
1101	12-13	0.0
1101	14-15	0.0
1101	16-17	0.0
1101	18-19	0.0
1101	20-21	0.0
1101	22-23	0.0
1101	24-25	0.0
1101	26-27	0.0
1101	28-29	0.0
1101	30-31	0.0
1101	32-33	0.0
1101	34-35	0.0
1101	36-37	0.0
1101	38-39	0.0
1101	40-41	0.0
1101	42-43	0.0
1101	44-45	0.0
1101	46-47	0.0
1101	48-49	0.0
1101	50-51	0.0
1101	52-53	0.0
1101	54-55	0.0
1101	56-57	0.0
1101	58-59	0.0
1101	60-61	0.0
1101	62-63	0.0
1101	64-65	0.0
1101	66-67	0.0
1101	68-69	0.0
1101	70-71	0.0
1101	72-73	0.0
1101	74-75	0.0
1101	76-77	0.0
1101	78-79	0.0
1101	80-81	0.0
1101	82-83	0.0
1101	84-85	0.0
1101	86-87	0.0
1101	88-89	0.0
1101	90	0.0
>>END_MODULE
>>Per sequence quality scores	pass
#Quality	Count
2	993.0
3	46.0
4	91.0
5	200.0
6	292.0
7	478.0
8	837.0
9	1128.0
10	1445.0
11	1716.0
12	2130.0
13	2589.0
14	2989.0
15	3527.0
16	3961.0
17	4770.0
18	5271.0
19	6157.0
20	6608.0
21	7552.0
22	8362.0
23	9411.0
24	10248.0
25	11614.0
26	12911.0
27	14791.0
28	17018.0
29	20612.0
30	24407.0
31	30117.0
32	37863.0
33	48507.0
34	64719.0
35	89612.0
36	131037.0
37	213863.0
38	202128.0
>>END_MODULE
>>Per base sequence content	pass
#Base	G	A	T	C
1	22.03879756552528	27.663494381404373	26.688704297337978	23.60900375573237
2	23.5572	27.464899999999997	27.3079	21.67
3	23.2298	25.9549	27.7393	23.076
4	23.7691	25.7414	27.107300000000002	23.3822
5	24.0487	25.446	26.7249	23.7804
6	24.3202	25.2771	25.977899999999998	24.424799999999998
7	24.2169	25.480199999999996	26.195400000000003	24.1075
8	23.437	25.6102	26.5449	24.407899999999998
9	23.6046	25.399500000000003	26.578200000000002	24.4177
10-11	23.59705	25.724999999999998	26.42365	24.2543
12-13	23.5069	25.65445	26.42025	24.418400000000002
14-15	23.5504	25.725199999999997	26.447549999999996	24.27685
16-17	23.5865	25.65495	26.4023	24.35625
18-19	23.6527	25.489600000000003	26.332499999999996	24.525199999999998
20-21	23.7947	25.384050000000002	26.309450000000002	24.5118
22-23	23.807280892943663	25.480875243193946	26.264346005169138	24.447497858693257
24-25	23.858289067010325	25.390042253535217	26.18958760029336	24.562081079161093
26-27	23.94775	25.3458	26.1648	24.54165
28-29	23.98345	25.3986	26.09955	24.5184
30-31	24.0838	25.3389	26.03195	24.54535
32-33	24.0815	25.316850000000002	26.06585	24.5358
34-35	24.1022	25.339499999999997	25.994899999999998	24.563399999999998
36-37	24.139650000000003	25.304650000000002	25.92195	24.63375
38-39	24.15975	25.2986	25.897750000000002	24.6439
40-41	24.2484	25.304650000000002	25.89085	24.5561
42-43	24.23145	25.305149999999998	25.8266	24.6368
44-45	24.3043	25.2245	25.81255	24.658649999999998
46-47	24.29315	25.316499999999998	25.757849999999998	24.6325
48-49	24.31515	25.2572	25.744650000000004	24.683
50-51	24.3615	25.294549999999997	25.72655	24.6174
52-53	24.455199999999998	25.257049999999996	25.733099999999997	24.55465
54-55	24.4623	25.208000000000002	25.620199999999997	24.709500000000002
56-57	24.463350000000002	25.178850000000004	25.657400000000003	24.700400000000002
58-59	24.476	25.21305	25.62725	24.6837
60-61	24.5463	25.198749999999997	25.59155	24.6634
62-63	24.624499999999998	25.2085	25.5027	24.6643
64-65	24.6743	25.219399999999997	25.471100000000003	24.635199999999998
66-67	24.665599999999998	25.189600000000002	25.45535	24.689449999999997
68-69	24.735699999999998	25.121	25.437149999999995	24.706149999999997
70-71	24.8186	25.1253	25.3705	24.6856
72-73	24.8056	25.09365	25.323	24.77775
74-75	24.7772	25.14905	25.302599999999998	24.77115
76-77	24.7807	25.1465	25.3552	24.7176
78-79	24.82905	25.17085	25.237	24.763099999999998
80-81	24.89365	25.06155	25.2832	24.7616
82-83	24.93395	25.09385	25.236399999999996	24.7358
84-85	24.95655	25.09685	25.143549999999998	24.80305
86-87	24.9981	25.0463	25.1774	24.778200000000002
88-89	25.0581	25.11195	25.0665	24.763450000000002
90	25.121	24.9865	25.0295	24.863
>>END_MODULE
>>Per sequence GC content	pass
#GC Content	Count
0	0.0
1	0.0
2	0.0
3	0.0
4	0.0
5	0.0
6	0.0
7	1.0
8	2.0
9	3.0
10	4.0
11	4.0
12	6.0
13	10.5
14	14.0
15	21.0
16	47.5
17	77.0
18	141.5
19	253.0
20	309.0
21	408.0
22	681.0
23	1097.0
24	1628.0
25	2275.5
26	3054.5
27	4079.5
28	5318.0
29	6674.5
30	7397.0
31	8207.5
32	10129.0
33	12317.5
34	14645.5
35	17406.5
36	20436.5
37	23780.0
38	27315.0
39	30866.0
40	32706.0
41	34237.0
42	37040.5
43	39464.0
44	41352.0
45	42487.0
46	43013.0
47	42838.5
48	42559.5
49	41992.0
50	41401.0
51	40764.5
52	39330.0
53	37680.0
54	36159.0
55	34597.0
56	32835.0
57	30777.0
58	28402.5
59	26068.5
60	24920.0
61	23602.5
62	20910.5
63	18235.0
64	15615.5
65	13076.0
66	10762.5
67	8657.0
68	6846.0
69	5301.5
70	4555.0
71	3955.5
72	2903.0
73	2133.0
74	1560.0
75	1141.0
76	820.0
77	574.5
78	415.0
79	310.0
80	277.0
81	241.5
82	157.5
83	88.0
84	59.5
85	44.5
86	37.5
87	26.5
88	13.5
89	8.5
90	5.0
91	4.0
92	2.0
93	0.5
94	0.5
95	0.5
96	0.0
97	0.0
98	0.0
99	0.0
100	0.0
>>END_MODULE
>>Per base N content	pass
#Base	N-Count
1	0.0195
2	0.0
3	0.0
4	0.0
5	0.0
6	0.0
7	0.0
8	0.0
9	0.0
10-11	0.0
12-13	0.0
14-15	0.0
16-17	0.0
18-19	0.0
20-21	0.0
22-23	0.00265
24-25	0.0557
26-27	0.0
28-29	0.0
30-31	0.0
32-33	0.0
34-35	0.0
36-37	0.0
38-39	0.0
40-41	0.0
42-43	0.0
44-45	0.0
46-47	0.0
48-49	0.0
50-51	0.0
52-53	0.0
54-55	0.0
56-57	0.0
58-59	0.0
60-61	0.0
62-63	0.0
64-65	0.0
66-67	0.0
68-69	0.0
70-71	0.0
72-73	0.0
74-75	0.0
76-77	0.0
78-79	0.0
80-81	0.0
82-83	0.0
84-85	0.0
86-87	0.0
88-89	0.0
90	0.0
>>END_MODULE
>>Sequence Length Distribution	pass
#Length	Count
90	1000000.0
>>END_MODULE
>>Sequence Duplication Levels	pass
#Total Deduplicated Percentage	98.06801860793374
#Duplication Level	Percentage of deduplicated	Percentage of total
1	98.39836648278919	96.49732835224452
2	1.3945237232902232	2.7351635688966134
3	0.11988784875231684	0.3527149134692206
4	0.048362228529255855	0.1897115170931283
5	0.02848603667326837	0.13967845872701826
6	0.006499969642223019	0.038246348629471884
7	0.003729090472790694	0.025599315971341435
8	0.0	0.0
9	0.0	0.0
>10	0.0	0.0
>50	0.0	0.0
>100	1.4461985076851607E-4	0.021557524968690022
>500	0.0	0.0
>1k	0.0	0.0
>5k	0.0	0.0
>10k+	0.0	0.0
>>END_MODULE
>>Overrepresented sequences	pass
>>END_MODULE
>>Adapter Content	pass
#Position	Illumina Universal Adapter	Illumina Small RNA Adapter	Nextera Transposase Sequence
1	0.047	1.0E-4	0.0
2	0.0473	1.0E-4	0.0
3	0.0474	1.0E-4	1.0E-4
4	0.0474	1.0E-4	1.0E-4
5	0.0474	1.0E-4	1.0E-4
6	0.0474	1.0E-4	1.0E-4
7	0.0474	1.0E-4	1.0E-4
8	0.0474	1.0E-4	1.0E-4
9	0.0474	1.0E-4	1.0E-4
10-11	0.0479	1.0E-4	1.0E-4
12-13	0.04815	1.0E-4	1.0E-4
14-15	0.048600000000000004	1.0E-4	1.0E-4
16-17	0.048850000000000005	1.0E-4	1.0E-4
18-19	0.04915	1.0E-4	1.0E-4
20-21	0.04955	1.0E-4	1.0E-4
22-23	0.0506	1.0E-4	1.0E-4
24-25	0.05105	1.0E-4	1.0E-4
26-27	0.051949999999999996	1.0E-4	1.0E-4
28-29	0.052849999999999994	1.0E-4	1.0E-4
30-31	0.054650000000000004	1.0E-4	1.9999999999999998E-4
32-33	0.06295	1.0E-4	3.0E-4
34-35	0.07865	1.0E-4	3.0E-4
36-37	0.0902	1.0E-4	3.0E-4
38-39	0.0926	1.0E-4	3.0E-4
40-41	0.09525	1.0E-4	4.0E-4
42-43	0.09775	1.0E-4	4.5E-4
44-45	0.10155	1.0E-4	5.0E-4
46-47	0.10615	1.0E-4	5.0E-4
48-49	0.1111	1.0E-4	5.0E-4
50-51	0.1157	1.0E-4	6.000000000000001E-4
52-53	0.12104999999999999	1.0E-4	8.0E-4
54-55	0.12655	1.0E-4	8.0E-4
56-57	0.13225	1.0E-4	8.0E-4
58-59	0.1386	1.0E-4	8.0E-4
60-61	0.1449	1.0E-4	8.0E-4
62-63	0.1512	1.0E-4	8.0E-4
64-65	0.1588	1.0E-4	9.0E-4
66-67	0.16665000000000002	1.0E-4	9.0E-4
68-69	0.17335	1.0E-4	9.0E-4
70-71	0.1813	1.0E-4	9.0E-4
72-73	0.18825	1.0E-4	9.0E-4
74-75	0.19645	1.0E-4	9.0E-4
76-77	0.20515	1.0E-4	9.0E-4
78	0.2111	1.0E-4	9.0E-4
>>END_MODULE
>>Kmer Content	fail
#Sequence	Count	PValue	Obs/Exp Max	Max Obs/Exp Position
ACGACGC	120	1.0713848E-9	21.000502	16-17
TACACTC	385	0.0	18.545895	1
ACACGAC	130	6.120172E-8	17.767878	14-15
CGATCTA	85	0.0040647457	14.822401	28-29
TACACGA	175	1.7798229E-6	13.198994	14-15
CACGACG	150	8.158983E-5	12.600301	16-17
ATCGGAA	390	5.966889E-6	11.845251	3
AGCGTCG	125	0.0037792784	11.759104	44-45
GATCGGA	365	3.9545455E-5	11.505972	2
CTACACG	205	1.0423368E-5	11.267434	12-13
CGACGCT	140	0.008753343	10.504453	18-19
ACACTCT	710	6.548362E-9	10.055572	2
AGATCGG	430	2.0816195E-4	9.767674	1
GACGCTC	230	4.084271E-4	9.134306	18-19
TCGGAAG	485	6.9522124E-4	8.659134	4
ACTCTTT	875	2.1187589E-8	8.639342	4
CACTCTT	860	1.3050048E-6	7.8133583	3
TTCCCTA	730	8.553128E-5	7.478882	9
GACTGGA	750	1.1934102E-4	7.280174	1
CGGAAGA	595	0.0051922738	7.0582857	5
>>END_MODULE
