##FastQC	0.11.2
>>Basic Statistics	pass
#Measure	Value
Filename	father.1.0_phred33.fastq.gz
File type	Conventional base calls
Encoding	Sanger / Illumina 1.9
Total Sequences	1000000
Sequences flagged as poor quality	0
Sequence length	90
%GC	48
>>END_MODULE
>>Per base sequence quality	pass
#Base	Mean	Median	Lower Quartile	Upper Quartile	10th Percentile	90th Percentile
1	32.729515	34.0	31.0	34.0	31.0	34.0
2	32.990336	34.0	31.0	34.0	31.0	34.0
3	33.070576	34.0	33.0	34.0	31.0	34.0
4	36.420134	37.0	37.0	37.0	35.0	37.0
5	36.363971	37.0	37.0	37.0	35.0	37.0
6	36.352861	37.0	37.0	37.0	35.0	37.0
7	36.336699	37.0	37.0	37.0	35.0	37.0
8	36.331015	37.0	37.0	37.0	35.0	37.0
9	38.152409	39.0	39.0	39.0	37.0	39.0
10-11	38.117180000000005	39.0	39.0	39.0	37.0	39.0
12-13	38.060289	39.0	39.0	39.0	35.0	39.0
14-15	39.605478000000005	41.0	40.0	41.0	37.0	41.0
16-17	39.523857	41.0	39.5	41.0	37.0	41.0
18-19	39.467963	41.0	39.0	41.0	36.0	41.0
20-21	39.425151	41.0	39.0	41.0	36.0	41.0
22-23	39.306132500000004	41.0	39.0	41.0	36.0	41.0
24-25	39.218683999999996	40.5	39.0	41.0	36.0	41.0
26-27	39.042479	40.0	39.0	41.0	36.0	41.0
28-29	39.009799	40.0	38.5	41.0	35.5	41.0
30-31	39.080474499999994	40.0	39.0	41.0	36.0	41.0
32-33	39.013458	40.0	39.0	41.0	35.0	41.0
34-35	39.1229725	41.0	39.0	41.0	35.5	41.0
36-37	39.129117	41.0	39.0	41.0	35.0	41.0
38-39	39.0610595	41.0	39.0	41.0	35.0	41.0
40-41	38.993909	41.0	39.0	41.0	35.0	41.0
42-43	38.88339	40.0	38.5	41.0	35.0	41.0
44-45	38.7681735	40.0	38.0	41.0	35.0	41.0
46-47	38.6529565	40.0	38.0	41.0	35.0	41.0
48-49	38.443345	40.0	38.0	41.0	34.0	41.0
50-51	38.271476	40.0	38.0	41.0	34.0	41.0
52-53	38.1536305	40.0	37.0	41.0	34.0	41.0
54-55	37.9543455	40.0	37.0	41.0	33.0	41.0
56-57	37.6761865	40.0	36.5	41.0	33.0	41.0
58-59	37.433557	39.0	36.0	41.0	33.0	41.0
60-61	37.199587	39.0	35.0	41.0	32.0	41.0
62-63	36.885563	39.0	35.0	40.5	32.0	41.0
64-65	36.521611	38.0	35.0	40.0	31.0	41.0
66-67	36.170001	37.0	35.0	40.0	31.0	41.0
68-69	35.8038975	37.0	35.0	39.5	31.0	41.0
70-71	35.3713975	36.0	34.0	39.0	30.0	41.0
72-73	34.977406	36.0	34.0	39.0	30.0	40.0
74-75	34.474010500000006	35.0	34.0	37.5	29.0	40.0
76-77	33.489277	35.0	32.5	36.5	28.5	39.0
78-79	33.870823	35.0	34.0	37.0	29.0	39.0
80-81	33.6155325	35.0	34.0	36.0	29.0	38.5
82-83	33.260463	35.0	33.0	36.0	29.0	37.0
84-85	32.888562	35.0	33.0	35.5	29.0	37.0
86-87	32.531091	35.0	33.0	35.0	28.5	36.5
88-89	32.1490755	35.0	33.0	35.0	27.5	36.0
90	31.705813	35.0	33.0	35.0	27.0	36.0
>>END_MODULE
>>Per tile sequence quality	pass
#Tile	Base	Mean
1102	1	0.053013876573480445
1102	2	0.06136325396164466
1102	3	0.05317989551632252
1102	4	0.03802529193171722
1102	5	0.04065966898659923
1102	6	0.04414719829068048
1102	7	0.03962213369751311
1102	8	0.040290909781589335
1102	9	0.05553696948919651
1102	10-11	0.03746597797365325
1102	12-13	0.026818623652651752
1102	14-15	0.04936506240644434
1102	16-17	0.05962184755389899
1102	18-19	0.07582155371670041
1102	20-21	0.06677890446960077
1102	22-23	0.07035911724324251
1102	24-25	0.06007484013950659
1102	26-27	0.04207166123994455
1102	28-29	0.029872000848470748
1102	30-31	0.025730178756283806
1102	32-33	0.07007838284804535
1102	34-35	0.07595893969557466
1102	36-37	0.060176414895749986
1102	38-39	0.04713234775644537
1102	40-41	0.04082322737256305
1102	42-43	0.053504577612820015
1102	44-45	0.06462753681270783
1102	46-47	0.07574153314754994
1102	48-49	0.06476629107068987
1102	50-51	0.08879133929465155
1102	52-53	0.08088707318829336
1102	54-55	0.07714661768418551
1102	56-57	0.0913903584565503
1102	58-59	0.06871921684416549
1102	60-61	0.06369496027854638
1102	62-63	0.07935452658860953
1102	64-65	0.0509556673510545
1102	66-67	0.01250790736722962
1102	68-69	0.05210681995095712
1102	70-71	0.06908653437191248
1102	72-73	0.05969398358406153
1102	74-75	0.04487872292244788
1102	76-77	0.02431196666645974
1102	78-79	0.049987619692601015
1102	80-81	0.053072836118346345
1102	82-83	0.060573607090134374
1102	84-85	0.026501978957412575
1102	86-87	0.05675382415427066
1102	88-89	0.04077938117504942
1102	90	0.058478359096323373
1103	1	-0.05301387657347334
1103	2	-0.061363253961637554
1103	3	-0.05317989551632962
1103	4	-0.03802529193171722
1103	5	-0.04065966898659923
1103	6	-0.04414719829068048
1103	7	-0.03962213369751311
1103	8	-0.040290909781589335
1103	9	-0.05553696948919651
1103	10-11	-0.03746597797365325
1103	12-13	-0.026818623652651752
1103	14-15	-0.04936506240643723
1103	16-17	-0.05962184755389899
1103	18-19	-0.07582155371670041
1103	20-21	-0.06677890446960788
1103	22-23	-0.07035911724324961
1103	24-25	-0.06007484013950659
1103	26-27	-0.04207166123993744
1103	28-29	-0.029872000848470748
1103	30-31	-0.025730178756283806
1103	32-33	-0.07007838284804535
1103	34-35	-0.07595893969558176
1103	36-37	-0.060176414895749986
1103	38-39	-0.047132347756438264
1103	40-41	-0.04082322737256305
1103	42-43	-0.053504577612820015
1103	44-45	-0.06462753681270783
1103	46-47	-0.07574153314754994
1103	48-49	-0.06476629107068987
1103	50-51	-0.08879133929465155
1103	52-53	-0.08088707318830046
1103	54-55	-0.07714661768417841
1103	56-57	-0.0913903584565432
1103	58-59	-0.06871921684416549
1103	60-61	-0.06369496027854638
1103	62-63	-0.07935452658860243
1103	64-65	-0.050955667351061606
1103	66-67	-0.01250790736722962
1103	68-69	-0.05210681995095712
1103	70-71	-0.06908653437191248
1103	72-73	-0.05969398358406153
1103	74-75	-0.04487872292244788
1103	76-77	-0.02431196666645974
1103	78-79	-0.04998761969259391
1103	80-81	-0.05307283611833924
1103	82-83	-0.060573607090134374
1103	84-85	-0.026501978957412575
1103	86-87	-0.05675382415427066
1103	88-89	-0.04077938117505653
1103	90	-0.058478359096323373
>>END_MODULE
>>Per sequence quality scores	pass
#Quality	Count
2	14.0
3	7.0
4	9.0
5	14.0
6	28.0
7	51.0
8	95.0
9	174.0
10	250.0
11	334.0
12	447.0
13	521.0
14	642.0
15	766.0
16	835.0
17	935.0
18	1153.0
19	1250.0
20	1448.0
21	1599.0
22	1942.0
23	2220.0
24	2663.0
25	3231.0
26	4031.0
27	5397.0
28	7158.0
29	8927.0
30	11385.0
31	14473.0
32	18740.0
33	24774.0
34	35741.0
35	54330.0
36	95396.0
37	183618.0
38	303149.0
39	208531.0
40	3722.0
>>END_MODULE
>>Per base sequence content	pass
#Base	G	A	T	C
1	20.993562548511836	27.360223156951914	27.55833720758597	24.08787708695028
2	23.524900000000002	26.9669	26.648500000000002	22.8597
3	23.505699999999997	25.716099999999997	27.208	23.5702
4	23.755499999999998	25.090600000000002	27.019199999999998	24.134700000000002
5	23.6781	25.449899999999996	27.074399999999997	23.7976
6	24.0919	25.270799999999998	26.199099999999998	24.4382
7	24.0717	25.593700000000002	26.5053	23.8293
8	23.572699999999998	25.6953	26.634	24.098
9	23.394499999999997	25.426	26.8728	24.3067
10-11	23.423450000000003	25.67295	26.694250000000004	24.20935
12-13	23.36745	25.642599999999998	26.747700000000002	24.242250000000002
14-15	23.483249999999998	25.6055	26.702199999999998	24.209049999999998
16-17	23.46635	25.603199999999998	26.71505	24.215400000000002
18-19	23.488523488523487	25.51387551387551	26.647476647476648	24.35012435012435
20-21	23.58273299279591	25.514606175274103	26.569418833026	24.333241998903986
22-23	23.56095	25.56845	26.530350000000002	24.34025
24-25	23.64215	25.58125	26.42015	24.35645
26-27	23.718123718123717	25.577225577225576	26.340426340426344	24.364224364224366
28-29	23.714097428194854	25.653751307502613	26.323652647305295	24.308498616997234
30-31	23.808573808573808	25.62992562992563	26.275776275776273	24.285724285724285
32-33	23.8221	25.62615	26.2957	24.256050000000002
34-35	23.7988	25.630599999999998	26.29325	24.277350000000002
36-37	23.879900000000003	25.5994	26.20515	24.315549999999998
38-39	23.888499999999997	25.64915	26.200200000000002	24.26215
40-41	23.92315	25.67455	26.18395	24.21835
42-43	23.9282	25.640449999999998	26.13005	24.3013
44-45	23.944399999999998	25.64825	26.0997	24.30765
46-47	23.91235	25.77795	26.0828	24.2269
48-49	24.01485	25.66365	26.122	24.1995
50-51	23.9862	25.700250000000004	26.07855	24.235
52-53	23.99495	25.781549999999996	26.066	24.157500000000002
54-55	23.9904	25.77605	26.042749999999998	24.190800000000003
56-57	24.014632080476442	25.829942064681354	25.929242610834358	24.226183244007842
58-59	24.0844	25.80215	25.96355	24.1499
60-61	24.0812	25.83355	25.91445	24.1708
62-63	24.114451430642884	25.86382329779122	25.897823722796538	24.12390154876936
64-65	24.20254774713332	25.967430397462355	25.817827629811152	24.012194225593174
66-67	24.20885	25.995400000000004	25.77375	24.022
68-69	24.19105	26.022499999999997	25.7579	24.028550000000003
70-71	24.31851750369254	26.038336421700635	25.677782455607012	23.96536361899981
72-73	24.26495	26.106049999999996	25.67005	23.95895
74-75	24.33435	26.19515	25.521700000000003	23.948800000000002
76-77	24.36315	26.172649999999997	25.51275	23.951449999999998
78-79	24.3759	26.30555	25.398799999999998	23.91975
80-81	24.44755	26.34395	25.33245	23.87605
82-83	24.48145	26.443299999999997	25.222450000000002	23.8528
84-85	24.52895	26.46365	25.08745	23.91995
86-87	24.57395	26.6111	24.9632	23.85175
88-89	24.585535220443713	26.626346444905447	24.901986960928284	23.886131373722556
90	24.5555	26.6793	24.8604	23.9048
>>END_MODULE
>>Per sequence GC content	warn
#GC Content	Count
0	0.0
1	0.0
2	0.0
3	0.0
4	0.0
5	0.5
6	0.5
7	1.5
8	1.5
9	0.5
10	1.0
11	0.5
12	2.0
13	5.5
14	12.5
15	18.5
16	32.5
17	60.0
18	115.0
19	204.0
20	252.0
21	346.0
22	598.0
23	972.0
24	1476.5
25	2144.5
26	3039.5
27	4173.0
28	5668.0
29	7495.0
30	8445.0
31	9601.5
32	12187.5
33	15236.0
34	18627.0
35	22380.0
36	26189.5
37	29768.5
38	33001.5
39	35800.0
40	37116.0
41	37817.0
42	39021.5
43	39616.5
44	39705.5
45	39842.0
46	39443.0
47	38843.0
48	38321.0
49	37762.5
50	37664.0
51	37040.0
52	35954.0
53	35107.0
54	33957.5
55	32760.0
56	31712.0
57	30177.0
58	28344.0
59	25995.5
60	24560.0
61	23490.0
62	20850.5
63	17857.5
64	15181.0
65	12557.5
66	10065.5
67	7929.0
68	6177.5
69	4591.0
70	3741.0
71	3253.0
72	2352.5
73	1654.5
74	1140.5
75	751.5
76	517.5
77	371.0
78	263.5
79	178.0
80	127.0
81	102.5
82	62.0
83	34.5
84	16.5
85	7.0
86	4.0
87	3.0
88	2.0
89	1.5
90	1.0
91	0.5
92	1.5
93	2.5
94	1.0
95	0.0
96	0.0
97	0.5
98	1.0
99	0.5
100	0.0
>>END_MODULE
>>Per base N content	pass
#Base	N-Count
1	0.4109
2	0.0
3	0.0
4	0.0
5	0.0
6	0.0
7	0.0
8	0.0
9	0.0
10-11	0.0
12-13	0.0
14-15	0.0
16-17	0.0
18-19	9.999999999999999E-5
20-21	0.0012000000000000001
22-23	0.0
24-25	0.0
26-27	9.999999999999999E-5
28-29	1.9999999999999998E-4
30-31	9.999999999999999E-5
32-33	0.0
34-35	0.0
36-37	0.0
38-39	0.0
40-41	0.0
42-43	0.0
44-45	0.0
46-47	0.0
48-49	0.0
50-51	0.0
52-53	0.0
54-55	0.0
56-57	5.5E-4
58-59	0.0
60-61	0.0
62-63	0.00125
64-65	0.0018499999999999999
66-67	0.0
68-69	0.0
70-71	0.0011
72-73	0.0
74-75	0.0
76-77	0.0
78-79	0.0
80-81	0.0
82-83	0.0
84-85	0.0
86-87	0.0
88-89	5.5E-4
90	0.0
>>END_MODULE
>>Sequence Length Distribution	pass
#Length	Count
90	1000000.0
>>END_MODULE
>>Sequence Duplication Levels	pass
#Total Deduplicated Percentage	98.89472146849042
#Duplication Level	Percentage of deduplicated	Percentage of total
1	99.04660630737992	97.95186543167563
2	0.8501693363523155	1.6815451943922717
3	0.06794662806155272	0.2015868857061111
4	0.015988782952511355	0.06324824946835032
5	0.012842195367911835	0.06350126669767893
6	0.006446749885794786	0.038252972059961865
7	0.0	0.0
8	0.0	0.0
9	0.0	0.0
>10	0.0	0.0
>50	0.0	0.0
>100	0.0	0.0
>500	0.0	0.0
>1k	0.0	0.0
>5k	0.0	0.0
>10k+	0.0	0.0
>>END_MODULE
>>Overrepresented sequences	pass
>>END_MODULE
>>Adapter Content	pass
#Position	Illumina Universal Adapter	Illumina Small RNA Adapter	Nextera Transposase Sequence
1	1.0E-4	0.0	1.0E-4
2	1.0E-4	0.0	1.0E-4
3	1.0E-4	0.0	1.0E-4
4	1.0E-4	0.0	1.0E-4
5	1.0E-4	0.0	2.0E-4
6	1.0E-4	0.0	2.0E-4
7	1.0E-4	0.0	2.0E-4
8	2.0E-4	0.0	2.0E-4
9	2.0E-4	0.0	2.0E-4
10-11	3.0E-4	0.0	2.0E-4
12-13	4.0E-4	0.0	2.0E-4
14-15	4.0E-4	0.0	2.0E-4
16-17	4.5E-4	1.0E-4	2.5E-4
18-19	5.0E-4	1.0E-4	3.0E-4
20-21	5.0E-4	1.5000000000000001E-4	3.0E-4
22-23	5.0E-4	2.0E-4	3.0E-4
24-25	5.0E-4	2.0E-4	3.0E-4
26-27	5.0E-4	2.0E-4	3.0E-4
28-29	6.5E-4	2.0E-4	3.0E-4
30-31	7.999999999999999E-4	2.0E-4	3.0E-4
32-33	0.00135	2.0E-4	3.0E-4
34-35	0.0021999999999999997	2.0E-4	4.0E-4
36-37	0.0034	2.0E-4	4.0E-4
38-39	0.0061	2.0E-4	5.0E-4
40-41	0.0103	2.0E-4	5.0E-4
42-43	0.0179	2.0E-4	5.0E-4
44-45	0.0295	2.0E-4	5.0E-4
46-47	0.0436	2.0E-4	5.0E-4
48-49	0.0663	2.0E-4	5.0E-4
50-51	0.09575	2.0E-4	5.0E-4
52-53	0.1387	2.0E-4	5.0E-4
54-55	0.19475	2.0E-4	5.0E-4
56-57	0.2641	2.0E-4	5.499999999999999E-4
58-59	0.3523	2.0E-4	6.0E-4
60-61	0.46304999999999996	2.0E-4	7.0E-4
62-63	0.60225	2.0E-4	8.0E-4
64-65	0.773	2.0E-4	8.0E-4
66-67	0.9743999999999999	2.0E-4	8.0E-4
68-69	1.222	2.0E-4	8.0E-4
70-71	1.49865	2.0E-4	8.0E-4
72-73	1.8395	2.0E-4	8.0E-4
74-75	2.2215	2.0E-4	8.0E-4
76-77	2.6478	2.0E-4	8.0E-4
78	3.0029	2.0E-4	8.0E-4
>>END_MODULE
>>Kmer Content	fail
#Sequence	Count	PValue	Obs/Exp Max	Max Obs/Exp Position
CACGTCT	1515	0.0	9.980073	84
CGTCTGA	1160	0.0	9.413675	84
ACGTCTG	1340	0.0	9.089438	84
ACACGTC	1665	0.0	9.080968	84
CACACGT	1885	0.0	8.243723	82-83
AGCACAC	2625	0.0	7.3599086	84
CGGAAGA	3790	0.0	6.9814425	84
GCACACG	2005	0.0	6.9122863	80-81
TCGGAAG	4100	0.0	6.863329	84
ATCGGAA	4330	0.0	6.789754	84
AAGAGCA	3620	0.0	6.613177	84
TAGATCG	1525	0.0	6.6097536	84
AGAGCAC	3010	0.0	6.558058	84
GATCGGA	4675	0.0	6.15378	82-83
GAGCACA	2940	0.0	6.142781	84
AAGATCG	1615	0.0	5.9813495	84
AGATCGG	5050	0.0	5.8215637	82-83
GAAGAGC	3880	0.0	5.7370415	84
GAACTCC	1480	3.4280474E-6	5.675605	84
CAGATCG	1360	1.2732926E-11	5.4040737	80-81
>>END_MODULE
