##FastQC	0.11.2
>>Basic Statistics	pass
#Measure	Value
Filename	father.0.0_phred33.fastq.gz
File type	Conventional base calls
Encoding	Sanger / Illumina 1.9
Total Sequences	1000000
Sequences flagged as poor quality	0
Sequence length	90
%GC	48
>>END_MODULE
>>Per base sequence quality	pass
#Base	Mean	Median	Lower Quartile	Upper Quartile	10th Percentile	90th Percentile
1	32.807471	34.0	31.0	34.0	31.0	34.0
2	33.070764	34.0	33.0	34.0	31.0	34.0
3	33.150251	34.0	34.0	34.0	31.0	34.0
4	36.487205	37.0	37.0	37.0	35.0	37.0
5	36.417833	37.0	37.0	37.0	35.0	37.0
6	36.41803	37.0	37.0	37.0	35.0	37.0
7	36.401057	37.0	37.0	37.0	35.0	37.0
8	36.390603	37.0	37.0	37.0	35.0	37.0
9	38.234134	39.0	39.0	39.0	37.0	39.0
10-11	38.1920655	39.0	39.0	39.0	37.0	39.0
12-13	38.1412845	39.0	39.0	39.0	37.0	39.0
14-15	39.68808	41.0	40.0	41.0	37.0	41.0
16-17	39.597302	41.0	40.0	41.0	37.0	41.0
18-19	39.548295499999995	41.0	40.0	41.0	37.0	41.0
20-21	39.491251	41.0	39.5	41.0	37.0	41.0
22-23	39.384611	41.0	39.0	41.0	36.0	41.0
24-25	39.275098	41.0	39.0	41.0	36.0	41.0
26-27	39.104037500000004	40.0	39.0	41.0	36.0	41.0
28-29	39.0326055	40.0	38.5	41.0	35.5	41.0
30-31	39.116398000000004	41.0	39.0	41.0	36.0	41.0
32-33	39.065569499999995	40.0	39.0	41.0	35.5	41.0
34-35	39.198927999999995	41.0	39.0	41.0	36.0	41.0
36-37	39.187177500000004	41.0	39.0	41.0	36.0	41.0
38-39	39.094993	41.0	39.0	41.0	35.0	41.0
40-41	38.994733	41.0	39.0	41.0	35.0	41.0
42-43	38.8771735	41.0	39.0	41.0	35.0	41.0
44-45	38.81922	40.0	38.0	41.0	35.0	41.0
46-47	38.706337000000005	40.0	38.0	41.0	35.0	41.0
48-49	38.5810425	40.0	38.0	41.0	34.5	41.0
50-51	38.4167785	40.0	38.0	41.0	34.0	41.0
52-53	38.21777	40.0	37.5	41.0	34.0	41.0
54-55	37.9942825	40.0	37.0	41.0	33.5	41.0
56-57	37.786613	40.0	36.5	41.0	33.0	41.0
58-59	37.4980685	39.5	36.0	41.0	33.0	41.0
60-61	37.252093	39.0	35.5	41.0	32.5	41.0
62-63	36.953081	39.0	35.0	41.0	32.0	41.0
64-65	36.550136	38.0	35.0	40.0	31.5	41.0
66-67	36.229686	37.5	35.0	40.0	31.0	41.0
68-69	35.806281999999996	37.0	35.0	40.0	31.0	41.0
70-71	35.4464395	36.5	34.5	39.0	30.5	41.0
72-73	35.0276295	36.0	34.0	39.0	30.0	40.5
74-75	34.5567755	35.0	34.0	38.0	29.5	40.0
76-77	33.5855635	35.0	32.5	36.5	28.5	39.0
78-79	33.933351	35.0	34.0	37.0	30.0	39.0
80-81	33.6924055	35.0	34.0	36.0	29.0	38.5
82-83	33.2941615	35.0	33.5	36.0	29.0	37.0
84-85	32.9049915	35.0	33.0	35.5	29.0	37.0
86-87	32.510242500000004	35.0	33.0	35.0	28.5	36.5
88-89	32.0955975	35.0	33.0	35.0	27.0	36.0
90	31.620846	35.0	33.0	35.0	26.0	36.0
>>END_MODULE
>>Per tile sequence quality	pass
#Tile	Base	Mean
1101	1	-0.01378521651093223
1101	2	-0.008088169385921162
1101	3	-0.008341950479817228
1101	4	0.0028916420273148447
1101	5	-0.012187971534750375
1101	6	-0.006112196873949927
1101	7	-0.01119892197232275
1101	8	0.00944683299572091
1101	9	-0.0034008090936694657
1101	10-11	0.012906229084009624
1101	12-13	-0.006318294823707049
1101	14-15	-0.010189674546978722
1101	16-17	-0.0374493116265171
1101	18-19	-0.03564957323005302
1101	20-21	-0.02865979047022904
1101	22-23	-0.03828101365733261
1101	24-25	-0.03612745508331727
1101	26-27	-0.03331697547465495
1101	28-29	-0.018857745674814907
1101	30-31	-0.0034290194467345714
1101	32-33	-0.0412573581599176
1101	34-35	-0.008794285205574681
1101	36-37	-0.002060135398906482
1101	38-39	-0.02070629697850279
1101	40-41	-0.043666614159960204
1101	42-43	-0.0575887482372508
1101	44-45	-0.04942178705057643
1101	46-47	-0.052357052414883753
1101	48-49	-0.04047908033451364
1101	50-51	-0.03214719159026913
1101	52-53	-0.06534058943170606
1101	54-55	-0.026095672615753074
1101	56-57	-0.028756978861053994
1101	58-59	-0.049034898241096414
1101	60-61	-0.06064592188335638
1101	62-63	-0.03923540359573252
1101	64-65	-0.0629432291724683
1101	66-67	-0.03574418270601143
1101	68-69	-0.06640506828664883
1101	70-71	-0.042266143364365405
1101	72-73	-0.030514932885203905
1101	74-75	-0.009266023290088299
1101	76-77	-0.021428055900656773
1101	78-79	-0.045665769132874345
1101	80-81	-0.018008967259973474
1101	82-83	-0.014109588456285849
1101	84-85	-0.04831405681751022
1101	86-87	-0.07952109011192476
1101	88-89	-0.09684218836686398
1101	90	-0.09301868024689952
1102	1	0.01378521651093223
1102	2	0.008088169385921162
1102	3	0.008341950479817228
1102	4	-0.0028916420273148447
1102	5	0.01218797153474327
1102	6	0.006112196873949927
1102	7	0.01119892197232275
1102	8	-0.009446832995728016
1102	9	0.003400809093676571
1102	10-11	-0.012906229084002518
1102	12-13	0.006318294823707049
1102	14-15	0.010189674546971617
1102	16-17	0.0374493116265171
1102	18-19	0.03564957323006013
1102	20-21	0.02865979047022904
1102	22-23	0.03828101365733261
1102	24-25	0.03612745508331727
1102	26-27	0.03331697547466206
1102	28-29	0.018857745674807802
1102	30-31	0.003429019446727466
1102	32-33	0.0412573581599176
1102	34-35	0.008794285205581787
1102	36-37	0.0020601353988993765
1102	38-39	0.020706296978509897
1102	40-41	0.043666614159960204
1102	42-43	0.0575887482372508
1102	44-45	0.04942178705056932
1102	46-47	0.052357052414883753
1102	48-49	0.040479080334520745
1102	50-51	0.03214719159026913
1102	52-53	0.06534058943170606
1102	54-55	0.026095672615753074
1102	56-57	0.028756978861053994
1102	58-59	0.049034898241096414
1102	60-61	0.060645921883349274
1102	62-63	0.03923540359573252
1102	64-65	0.0629432291724683
1102	66-67	0.03574418270601143
1102	68-69	0.06640506828665593
1102	70-71	0.04226614336437251
1102	72-73	0.03051493288521101
1102	74-75	0.009266023290095404
1102	76-77	0.021428055900656773
1102	78-79	0.045665769132874345
1102	80-81	0.01800896725996637
1102	82-83	0.014109588456292954
1102	84-85	0.04831405681751022
1102	86-87	0.07952109011191766
1102	88-89	0.09684218836685687
1102	90	0.09301868024689952
>>END_MODULE
>>Per sequence quality scores	pass
#Quality	Count
2	19.0
3	6.0
4	15.0
5	19.0
6	41.0
7	60.0
8	115.0
9	198.0
10	262.0
11	388.0
12	548.0
13	542.0
14	678.0
15	808.0
16	870.0
17	1083.0
18	1203.0
19	1295.0
20	1556.0
21	1689.0
22	1895.0
23	2150.0
24	2492.0
25	3216.0
26	4025.0
27	5202.0
28	6570.0
29	8497.0
30	10763.0
31	13642.0
32	17735.0
33	23899.0
34	33891.0
35	52813.0
36	92524.0
37	180436.0
38	303213.0
39	220825.0
40	4817.0
>>END_MODULE
>>Per base sequence content	pass
#Base	G	A	T	C
1	20.973915630021395	27.386528418266394	27.570426392072488	24.06912955963972
2	23.4861	26.9658	26.701399999999996	22.846700000000002
3	23.612	25.706699999999998	27.081300000000002	23.599999999999998
4	23.7455	25.1678	26.9831	24.1036
5	23.785899999999998	25.5202	26.906200000000002	23.7877
6	24.0103	25.389400000000002	26.206200000000003	24.394099999999998
7	24.0239	25.5685	26.5849	23.8227
8	23.6207	25.641399999999997	26.6555	24.0824
9	23.4349	25.480000000000004	26.7974	24.2877
10-11	23.49125	25.689650000000004	26.612750000000002	24.20635
12-13	23.433699999999998	25.66075	26.691150000000004	24.2144
14-15	23.444300000000002	25.576999999999998	26.759300000000003	24.2194
16-17	23.458399999999997	25.63565	26.65665	24.249299999999998
18-19	23.461458653646634	25.53711384278461	26.628116570291425	24.373310933277335
20-21	23.582468363322906	25.489894113570532	26.537908261761533	24.38972926134503
22-23	23.6216	25.615700000000004	26.47795	24.28475
24-25	23.6698	25.5774	26.4123	24.340500000000002
26-27	23.76087376087376	25.566225566225565	26.294026294026295	24.37887437887438
28-29	23.791583270541448	25.607689626913693	26.33199216197257	24.268734940572294
30-31	23.867285800928702	25.507088260632393	26.29473944210916	24.330886496329747
32-33	23.87295	25.605349999999998	26.25225	24.26945
34-35	23.88055	25.61525	26.2513	24.2529
36-37	23.86555	25.58005	26.20415	24.350250000000003
38-39	23.87555	25.601200000000002	26.213399999999996	24.30985
40-41	23.896349999999998	25.65595	26.1878	24.259900000000002
42-43	23.89535	25.69145	26.1488	24.2644
44-45	23.92105	25.6361	26.116650000000003	24.3262
46-47	23.9287	25.70905	26.10765	24.2546
48-49	23.9827	25.734849999999998	26.045800000000003	24.23665
50-51	23.99415	25.72985	26.07355	24.20245
52-53	24.0345	25.749699999999997	26.009749999999997	24.20605
54-55	24.0976	25.79955	25.9556	24.14725
56-57	24.106749999999998	25.84745	25.884649999999997	24.16115
58-59	24.117649999999998	25.8376	25.97505	24.0697
60-61	24.090400000000002	25.8626	25.87035	24.17665
62-63	24.1436965747863	25.859903439613756	25.898853595414383	24.097546390185563
64-65	24.16939667758671	25.94435377741511	25.809803239212957	24.076446305785222
66-67	24.1874	25.93705	25.782100000000003	24.09345
68-69	24.2045	26.0366	25.72585	24.03305
70-71	24.32328513149796	26.046541162894073	25.687839907439674	23.942333798168296
72-73	24.35105	26.060850000000002	25.59585	23.992250000000002
74-75	24.41275	26.150449999999996	25.52395	23.91285
76-77	24.37025	26.21165	25.4537	23.9644
78-79	24.42245	26.2962	25.369799999999998	23.911550000000002
80-81	24.48085	26.324599999999997	25.29075	23.9038
82-83	24.45805	26.4403	25.243949999999998	23.8577
84-85	24.54475	26.40425	25.119049999999998	23.93195
86-87	24.537300000000002	26.570100000000004	24.96655	23.92605
88-89	24.6103	26.6233	24.911150000000003	23.85525
90	24.6871	26.6387	24.779999999999998	23.894199999999998
>>END_MODULE
>>Per sequence GC content	warn
#GC Content	Count
0	1.0
1	0.5
2	0.0
3	0.0
4	0.0
5	0.0
6	0.0
7	0.0
8	0.5
9	0.5
10	0.0
11	2.0
12	4.5
13	6.5
14	8.0
15	13.0
16	31.5
17	65.5
18	117.5
19	230.0
20	311.0
21	385.0
22	627.5
23	982.5
24	1436.5
25	2172.5
26	3091.5
27	4222.5
28	5701.0
29	7487.5
30	8476.0
31	9693.5
32	12268.5
33	15323.0
34	18685.0
35	22241.0
36	26014.0
37	29588.5
38	32800.0
39	35551.0
40	36783.0
41	37607.5
42	38932.0
43	39429.5
44	39502.5
45	39547.0
46	39382.5
47	39055.0
48	38555.0
49	37733.0
50	37217.0
51	36804.0
52	35917.5
53	34921.5
54	33990.0
55	33066.5
56	31851.5
57	30332.0
58	28345.5
59	26043.0
60	24908.0
61	23592.5
62	20844.0
63	17939.0
64	15180.0
65	12587.0
66	10141.0
67	8146.5
68	6323.0
69	4583.0
70	3812.0
71	3275.0
72	2345.0
73	1658.5
74	1174.0
75	819.0
76	541.0
77	385.5
78	268.0
79	167.0
80	142.0
81	107.5
82	60.0
83	38.0
84	21.5
85	12.0
86	9.0
87	6.0
88	3.5
89	1.5
90	0.0
91	0.0
92	0.5
93	0.5
94	1.0
95	1.5
96	0.5
97	0.5
98	0.5
99	0.0
100	0.0
>>END_MODULE
>>Per base N content	pass
#Base	N-Count
1	0.4883
2	0.0
3	0.0
4	0.0
5	0.0
6	0.0
7	0.0
8	0.0
9	0.0
10-11	0.0
12-13	0.0
14-15	0.0
16-17	0.0
18-19	2.5E-4
20-21	0.0013499999999999999
22-23	0.0
24-25	0.0
26-27	9.999999999999999E-5
28-29	3.5E-4
30-31	1.5000000000000001E-4
32-33	0.0
34-35	0.0
36-37	0.0
38-39	0.0
40-41	0.0
42-43	0.0
44-45	0.0
46-47	0.0
48-49	0.0
50-51	0.0
52-53	0.0
54-55	0.0
56-57	0.0
58-59	0.0
60-61	0.0
62-63	3.9999999999999996E-4
64-65	3.9999999999999996E-4
66-67	0.0
68-69	0.0
70-71	3.5E-4
72-73	0.0
74-75	0.0
76-77	0.0
78-79	0.0
80-81	0.0
82-83	0.0
84-85	0.0
86-87	0.0
88-89	0.0
90	0.0
>>END_MODULE
>>Sequence Length Distribution	pass
#Length	Count
90	1000000.0
>>END_MODULE
>>Sequence Duplication Levels	pass
#Total Deduplicated Percentage	98.86885293682441
#Duplication Level	Percentage of deduplicated	Percentage of total
1	99.03419744582224	97.91397502987431
2	0.8440417473565226	1.6689887878386465
3	0.08920283399140445	0.26458145626332386
4	0.022390029036821003	0.08854705952370735
5	0.002569095604228163	0.012700176773753813
6	0.0042989297114240195	0.025501814965471586
7	0.0018497479481066998	0.01280177204960878
8	0.0	0.0
9	0.001450170529260547	0.012903902711170007
>10	0.0	0.0
>50	0.0	0.0
>100	0.0	0.0
>500	0.0	0.0
>1k	0.0	0.0
>5k	0.0	0.0
>10k+	0.0	0.0
>>END_MODULE
>>Overrepresented sequences	pass
>>END_MODULE
>>Adapter Content	pass
#Position	Illumina Universal Adapter	Illumina Small RNA Adapter	Nextera Transposase Sequence
1	0.0	0.0	0.0
2	0.0	0.0	0.0
3	0.0	0.0	0.0
4	0.0	0.0	0.0
5	0.0	0.0	0.0
6	0.0	1.0E-4	0.0
7	0.0	1.0E-4	0.0
8	0.0	1.0E-4	0.0
9	0.0	1.0E-4	0.0
10-11	0.0	2.0E-4	0.0
12-13	0.0	2.0E-4	1.0E-4
14-15	0.0	2.0E-4	1.0E-4
16-17	0.0	2.0E-4	1.0E-4
18-19	5.0E-5	2.0E-4	1.0E-4
20-21	1.0E-4	2.0E-4	1.0E-4
22-23	2.5E-4	2.0E-4	1.0E-4
24-25	4.0E-4	2.0E-4	1.0E-4
26-27	4.0E-4	2.0E-4	1.0E-4
28-29	4.5E-4	2.0E-4	1.0E-4
30-31	5.499999999999999E-4	2.0E-4	1.0E-4
32-33	9.5E-4	2.0E-4	1.0E-4
34-35	0.00145	2.0E-4	1.0E-4
36-37	0.00255	2.0E-4	2.0E-4
38-39	0.00475	2.0E-4	2.0E-4
40-41	0.00905	2.0E-4	2.0E-4
42-43	0.0159	2.0E-4	3.0E-4
44-45	0.02415	2.0E-4	3.0E-4
46-47	0.037250000000000005	2.0E-4	3.5E-4
48-49	0.05925	2.0E-4	4.0E-4
50-51	0.0876	2.0E-4	4.0E-4
52-53	0.12409999999999999	2.0E-4	4.0E-4
54-55	0.172	2.0E-4	4.0E-4
56-57	0.23754999999999998	2.0E-4	4.0E-4
58-59	0.32130000000000003	2.0E-4	4.0E-4
60-61	0.43684999999999996	2.0E-4	4.0E-4
62-63	0.56865	2.0E-4	5.0E-4
64-65	0.72635	2.0E-4	5.0E-4
66-67	0.92275	2.0E-4	5.0E-4
68-69	1.163	2.0E-4	5.0E-4
70-71	1.44255	2.0E-4	6.0E-4
72-73	1.77035	2.0E-4	6.0E-4
74-75	2.1430499999999997	2.0E-4	6.0E-4
76-77	2.5651	2.0E-4	6.0E-4
78	2.9185	2.0E-4	6.0E-4
>>END_MODULE
>>Kmer Content	fail
#Sequence	Count	PValue	Obs/Exp Max	Max Obs/Exp Position
ACGTCTG	1510	0.0	9.734526	84
CGTCTGA	1295	0.0	9.7291565	84
ACACGTC	1690	0.0	8.697713	84
CACACGT	2005	0.0	8.378559	84
CACGTCT	1635	0.0	8.219699	82-83
GCACACG	2260	0.0	7.5261045	82-83
CGGAAGA	3945	0.0	6.9197445	84
GTAGATC	635	0.009740911	6.6137834	84
TAGATCG	1545	2.1827873E-11	6.5238876	84
TCTGAAC	1560	0.0	6.4611573	84
AGCACAC	2785	0.0	6.2581587	82-83
ATCGGAA	4300	0.0	6.0554576	82-83
TGAACTC	1685	2.7126589E-8	5.9818435	84
TCGGAAG	4150	0.0	5.9707317	84
GTCTGAA	1595	0.0	5.9244156	82-83
AGATCGG	4935	0.0	5.8719945	84
AGTCACT	865	0.004699339	5.8262463	84
AACTCCA	1490	3.8639937E-6	5.6372514	84
AAGAGCA	3780	0.0	5.555228	84
GATCGGA	4540	0.0	5.457828	84
>>END_MODULE
