##FastQC	0.10.1
>>Basic Statistics	pass
#Measure	Value	
Filename	mother.2_phred33.fastq	
File type	Conventional base calls	
Encoding	Sanger / Illumina 1.9	
Total Sequences	35602722	
Filtered Sequences	0	
Sequence length	90	
%GC	48	
>>END_MODULE
>>Per base sequence quality	pass
#Base	Mean	Median	Lower Quartile	Upper Quartile	10th Percentile	90th Percentile
1	37.06947185105678	39.0	37.0	39.0	33.0	39.0
2	36.80742890950866	39.0	37.0	39.0	33.0	39.0
3	36.73891336173678	39.0	37.0	39.0	33.0	39.0
4	36.690101672563124	39.0	37.0	39.0	33.0	39.0
5	36.66631562609174	39.0	37.0	39.0	33.0	39.0
6	36.661579976946705	39.0	37.0	39.0	33.0	39.0
7	36.588090118502734	39.0	37.0	39.0	33.0	39.0
8	36.50522985293091	39.0	36.0	39.0	32.0	39.0
9	36.47163975271329	39.0	36.0	39.0	32.0	39.0
10-14	36.32371013092764	39.0	36.0	39.0	31.4	39.0
15-19	35.99753478399769	38.6	36.0	39.0	30.8	39.0
20-24	35.62587257794503	38.0	35.6	39.0	29.6	39.0
25-29	35.173368457613996	38.0	35.0	39.0	28.4	39.0
30-34	34.95142044476262	37.6	35.0	39.0	28.0	39.0
35-39	34.73733339265464	37.2	34.6	39.0	27.2	39.0
40-44	34.27090155634729	37.0	33.8	39.0	26.2	39.0
45-49	33.42422143452964	36.4	32.8	39.0	24.0	39.0
50-54	33.48813889567208	36.8	33.0	38.8	23.4	39.0
55-59	33.77801123183784	37.6	33.8	39.0	23.4	39.0
60-64	33.26057377860042	37.0	33.0	39.0	21.2	39.0
65-69	32.46414257314371	37.0	32.2	39.0	16.2	39.0
70-74	31.466222290531608	36.0	30.6	39.0	5.6	39.0
75-79	30.2696000322672	35.8	28.8	38.0	2.0	39.0
80-84	28.790249397223057	35.0	26.4	37.6	2.0	39.0
85-89	26.936478356907656	33.6	20.4	37.0	2.0	39.0
90	25.845386231985295	33.0	13.0	37.0	2.0	39.0
>>END_MODULE
>>Per sequence quality scores	pass
#Quality	Count
2	338746.0
3	48020.0
4	48975.0
5	65002.0
6	61181.0
7	67304.0
8	70360.0
9	79401.0
10	84251.0
11	97876.0
12	104626.0
13	118368.0
14	123145.0
15	134639.0
16	141486.0
17	158003.0
18	172713.0
19	199728.0
20	226817.0
21	266367.0
22	305622.0
23	358535.0
24	406328.0
25	468953.0
26	532043.0
27	612317.0
28	698207.0
29	811333.0
30	943566.0
31	1125786.0
32	1356674.0
33	1695832.0
34	2182008.0
35	2955636.0
36	4235799.0
37	6636138.0
38	7670699.0
39	238.0
>>END_MODULE
>>Per base sequence content	pass
#Base	G	A	T	C
1	21.7845783980456	28.10471468658938	26.403984123189094	23.706722792175924
2	23.526681245649115	28.345006294039738	26.43564383689696	21.69266862341419
3	23.433077798638045	26.432287987277626	26.72800237162504	23.40663184245929
4	23.894297794226397	26.063994342731128	26.2606807313156	23.781027131726873
5	23.98810091824997	25.774395843861182	26.36544803125543	23.872055206633423
6	24.31452631541094	25.4056873031727	25.72509761015811	24.55468877125825
7	24.182401581395453	25.64303470147115	25.874316034104737	24.300247683028655
8	23.468519965719686	25.820652966678736	26.53144070137537	24.179386366226204
9	23.606477693849833	25.529040188304947	26.585693433380126	24.278788684465095
10-14	23.519034153880465	25.89991987082102	26.342092669027167	24.23895330627134
15-19	23.57392613183938	25.846948553758413	26.308081437406646	24.271043876995563
20-24	23.713108988355113	25.680760155530656	26.23695965118138	24.369171204932847
25-29	23.818807940674176	25.654144971328304	26.1116417335303	24.415405354467225
30-34	23.945036146540502	25.623142122817033	26.02531085064178	24.40651088000069
35-39	24.003409658482585	25.613636337334395	25.948880358350767	24.434073645832253
40-44	24.108726064070275	25.60987555147422	25.850768424768066	24.43062995968744
45-49	24.193899565894085	25.55199541863402	25.767899066603768	24.486205948868125
50-54	24.253093815806874	25.541190605595222	25.72718910698836	24.478526471609552
55-59	24.346454139339833	25.532242865038825	25.655971341940116	24.465331653681226
60-64	24.430036375347495	25.509855630255547	25.566851374765044	24.49325661963192
65-69	24.512388443303728	25.481471802957646	25.508061672497682	24.498078081240948
70-74	24.621433188016024	25.467456414707957	25.408934671185378	24.50217572609065
75-79	24.741341803138837	25.418423046196313	25.303633839916895	24.536601310747958
80-84	24.837610831002173	25.3867941572356	25.22141451919171	24.55418049257052
85-89	24.945107256392458	25.37600727424707	25.103298849879003	24.575586619481466
90	25.03923699176734	25.28040306494021	25.044163735525654	24.636196207766794
>>END_MODULE
>>Per base GC content	pass
#Base	%GC
1	45.49130119022152
2	45.2193498690633
3	46.839709641097336
4	47.67532492595327
5	47.86015612488339
6	48.869215086669186
7	48.48264926442411
8	47.6479063319459
9	47.88526637831493
10-14	47.75798746015181
15-19	47.84497000883494
20-24	48.082280193287964
25-29	48.2342132951414
30-34	48.35154702654118
35-39	48.43748330431484
40-44	48.53935602375771
45-49	48.68010551476221
50-54	48.731620287416426
55-59	48.81178579302106
60-64	48.92329299497941
65-69	49.01046652454467
70-74	49.12360891410667
75-79	49.2779431138868
80-84	49.39179132357269
85-89	49.520693875873924
90	49.67543319953413
>>END_MODULE
>>Per sequence GC content	pass
#GC Content	Count
0	146.0
1	153.5
2	161.0
3	167.0
4	178.5
5	188.0
6	232.5
7	288.0
8	321.0
9	402.0
10	465.0
11	490.0
12	588.0
13	790.5
14	1112.0
15	1597.5
16	2401.0
17	3853.0
18	6508.5
19	10716.0
20	13210.0
21	17128.5
22	27031.0
23	41067.5
24	60029.5
25	84258.5
26	113910.0
27	150545.0
28	193366.0
29	241917.5
30	267951.0
31	299067.5
32	366411.5
33	444774.5
34	534312.0
35	635232.5
36	747651.5
37	871557.5
38	1000563.0
39	1127875.0
40	1191187.0
41	1247765.0
42	1351849.5
43	1434326.5
44	1497474.5
45	1540042.0
46	1553741.0
47	1546106.0
48	1528080.5
49	1496255.0
50	1475511.0
51	1450511.5
52	1396845.5
53	1334816.0
54	1271092.5
55	1208575.0
56	1142375.5
57	1070044.5
58	989469.5
59	902923.5
60	858664.0
61	812106.5
62	717000.0
63	621087.0
64	527499.5
65	439232.5
66	359980.5
67	289316.5
68	226616.0
69	173811.5
70	150252.0
71	130864.0
72	96962.5
73	71505.5
74	51937.0
75	37432.5
76	27258.0
77	19958.0
78	14658.0
79	10615.5
80	8868.0
81	7699.0
82	5587.0
83	3953.0
84	2782.5
85	1893.5
86	1245.5
87	835.5
88	556.0
89	375.5
90	303.0
91	266.5
92	177.0
93	107.5
94	75.0
95	47.5
96	27.0
97	18.0
98	13.5
99	6.5
100	4.0
>>END_MODULE
>>Per base N content	pass
#Base	N-Count
1	0.001713352142007569
2	0.002207696366586802
3	0.0051007335899766314
4	0.011007585318897808
5	0.013147871109405622
6	0.022655571110545985
7	0.024835179737099877
8	0.02559916626599506
9	0.019223249278524264
10-14	0.023726837515401212
15-19	0.02098884461699305
20-24	0.024320612339696946
25-29	0.007306182937360801
30-34	0.005457447888394601
35-39	0.006197278960861476
40-44	0.021943827778112022
45-49	0.02078324235995214
50-54	0.015900469632630896
55-59	0.004326073719868947
60-64	0.004122156727230013
65-69	0.005464750700803158
70-74	0.0044811180448506155
75-79	0.01781830052207806
80-84	0.012997320822829221
85-89	0.005172638204460884
90	0.003128974239666282
>>END_MODULE
>>Sequence Length Distribution	pass
#Length	Count
90	3.5602722E7
>>END_MODULE
>>Sequence Duplication Levels	warn
#Total Duplicate Percentage	44.24816632000079
#Duplication Level	Relative count
1	100.0
2	44.26276329882185
3	17.455373081042485
4	6.96983220278472
5	3.011424491253124
6	1.396822563370225
7	0.8113173866476259
8	0.49714387718671904
9	0.37486611924312746
10++	3.7281328097108175
>>END_MODULE
>>Overrepresented sequences	pass
>>END_MODULE
>>Kmer Content	pass
>>END_MODULE
