##FastQC	0.10.1
>>Basic Statistics	pass
#Measure	Value	
Filename	son.1_phred33.fastq	
File type	Conventional base calls	
Encoding	Sanger / Illumina 1.9	
Total Sequences	69389975	
Filtered Sequences	0	
Sequence length	90	
%GC	47	
>>END_MODULE
>>Per base sequence quality	pass
#Base	Mean	Median	Lower Quartile	Upper Quartile	10th Percentile	90th Percentile
1	31.976513898441382	31.0	31.0	34.0	30.0	34.0
2	32.17634153924973	34.0	31.0	34.0	30.0	34.0
3	32.31114013227415	34.0	31.0	34.0	30.0	34.0
4	35.90641459375075	37.0	35.0	37.0	35.0	37.0
5	35.812500321552214	37.0	35.0	37.0	35.0	37.0
6	35.72276998226329	37.0	35.0	37.0	33.0	37.0
7	35.682927195174805	37.0	35.0	37.0	33.0	37.0
8	35.656841568252474	37.0	35.0	37.0	33.0	37.0
9	37.285454145213336	39.0	37.0	39.0	34.0	39.0
10-14	37.46565992277703	39.2	37.2	39.4	33.0	39.4
15-19	38.167587649368656	40.0	37.6	41.0	32.8	41.0
20-24	38.08677841719932	40.0	37.4	41.0	33.2	41.0
25-29	37.6797015130788	40.0	37.0	41.0	32.0	41.0
30-34	37.74665170869424	40.0	37.0	41.0	32.6	41.0
35-39	37.40799411154133	40.0	37.0	41.0	31.0	41.0
40-44	37.071196131717876	39.4	36.2	41.0	30.8	41.0
45-49	36.64017479470197	39.0	35.4	40.6	30.0	41.0
50-54	36.17114934830283	38.6	35.0	40.0	29.4	41.0
55-59	35.52744709304189	38.0	34.0	40.0	28.0	41.0
60-64	34.71150664054858	37.2	33.4	39.8	26.8	41.0
65-69	33.742836370815816	35.8	32.6	39.0	25.8	40.2
70-74	32.68969095031379	35.0	31.6	37.6	24.4	39.6
75-79	31.217231131730482	34.0	30.4	36.0	22.4	38.0
80-84	31.078993626961243	34.0	31.0	35.2	21.8	37.0
85-89	29.92304776302341	34.0	30.2	35.0	11.2	36.0
90	29.08848941075422	34.0	30.0	35.0	2.0	35.0
>>END_MODULE
>>Per sequence quality scores	pass
#Quality	Count
2	640.0
3	463.0
4	906.0
5	1663.0
6	3536.0
7	7398.0
8	17737.0
9	37064.0
10	53858.0
11	71956.0
12	93910.0
13	116580.0
14	137276.0
15	160535.0
16	185953.0
17	213543.0
18	238373.0
19	259095.0
20	281679.0
21	301771.0
22	329670.0
23	369400.0
24	428299.0
25	519747.0
26	653332.0
27	834121.0
28	1068116.0
29	1356569.0
30	1698536.0
31	2113200.0
32	2636270.0
33	3329255.0
34	4326886.0
35	5821981.0
36	8346265.0
37	1.238111E7
38	1.4875803E7
39	6080452.0
40	37027.0
>>END_MODULE
>>Per base sequence content	pass
#Base	G	A	T	C
1	20.977980588461485	27.33797036316049	27.74898775997885	23.93506128839918
2	23.27734033434969	27.105982604823392	26.79337670418292	22.823300356643994
3	23.33668804463469	25.789846443956783	27.34652087711517	23.526944634293354
4	23.531317023820804	25.257353097475537	27.231079129225797	23.98025074947786
5	23.65007337154971	25.38672048808203	27.187817836798473	23.775388303569787
6	23.92139354424036	25.409573933410414	26.25134826752712	24.41768425482211
7	23.929716072098312	25.545497026047347	26.621096203017796	23.903690698836538
8	23.40594300545576	25.706308440088065	26.731208650817358	24.15653990363882
9	23.29496822941322	25.47023944441075	26.90399713111267	24.330795195063356
10-14	23.252287380129477	25.71998188499131	26.793733532833812	24.233997202045394
15-19	23.30988173927185	25.655733272378505	26.746260382992432	24.28812460535721
20-24	23.465822868147686	25.592563846707012	26.606404215765227	24.335209069380074
25-29	23.669115575636322	25.63868360063544	26.442157290309527	24.25004353341872
30-34	23.76726978568936	25.634211012022835	26.351515926903996	24.247003275383804
35-39	23.82280075860329	25.65430300408226	26.28961791920667	24.233278318107786
40-44	23.886501885095203	25.699632778198428	26.23129889253696	24.182566444169414
45-49	23.941660841497615	25.71129443835696	26.162623224422337	24.184421495723093
50-54	23.983635874721653	25.76306850597756	26.111015453341224	24.14228016595956
55-59	24.051303157954788	25.825829817760358	26.04072821561278	24.08213880867207
60-64	24.11462427311017	25.886746559090117	25.945362894332447	24.05326627346726
65-69	24.20878826370823	25.97617286943657	25.822369940442304	23.992668926412897
70-74	24.307126212476238	26.100957506239826	25.6646923241837	23.92722395710023
75-79	24.41292415458684	26.221722034344	25.483641277376655	23.881712533692504
80-84	24.505049005669637	26.38324856234231	25.262538350869036	23.849164081119014
85-89	24.601483821249957	26.560017260521573	24.989364791142727	23.849134127085744
90	24.65871791216854	26.633447922321775	24.789266032546976	23.918568132962715
>>END_MODULE
>>Per base GC content	pass
#Base	%GC
1	44.91304187686067
2	46.100640690993686
3	46.86363267892805
4	47.511567773298665
5	47.42546167511949
6	48.33907779906247
7	47.83340677093485
8	47.56248290909458
9	47.625763424476574
10-14	47.486284582174875
15-19	47.59800634462906
20-24	47.80103193752776
25-29	47.91915910905504
30-34	48.01427306107317
35-39	48.05607907671107
40-44	48.06906832926462
45-49	48.1260823372207
50-54	48.12591604068122
55-59	48.133441966626854
60-64	48.16789054657743
65-69	48.20145719012112
70-74	48.23435016957647
75-79	48.29463668827934
80-84	48.35421308678865
85-89	48.4506179483357
90	48.57728604513126
>>END_MODULE
>>Per sequence GC content	pass
#GC Content	Count
0	5.0
1	2.5
2	2.5
3	5.0
4	11.0
5	18.5
6	27.5
7	38.0
8	62.5
9	96.0
10	108.0
11	141.5
12	265.0
13	472.5
14	909.0
15	1840.5
16	3719.0
17	7215.5
18	13693.0
19	24707.0
20	31474.0
21	41640.5
22	66807.5
23	103029.5
24	152440.0
25	217434.0
26	299415.5
27	398359.0
28	514595.5
29	649273.0
30	721481.0
31	801058.0
32	971278.5
33	1159932.0
34	1362003.5
35	1572615.5
36	1784236.5
37	1990250.0
38	2174151.5
39	2326618.5
40	2396127.0
41	2441818.0
42	2514630.0
43	2560143.0
44	2589954.0
45	2612873.0
46	2622109.5
47	2612820.5
48	2597398.0
49	2573123.5
50	2557246.0
51	2535201.5
52	2484902.0
53	2428864.5
54	2377348.5
55	2317177.0
56	2236048.0
57	2132006.5
58	1998837.5
59	1838935.0
60	1752851.0
61	1661878.0
62	1473653.5
63	1276316.0
64	1079963.0
65	895991.0
66	727391.5
67	575219.0
68	442272.5
69	329760.5
70	278917.0
71	240076.0
72	171965.0
73	121887.5
74	86013.0
75	60311.0
76	42368.0
77	29991.5
78	21300.5
79	14752.0
80	11826.0
81	9810.5
82	6491.0
83	4069.0
84	2344.5
85	1406.0
86	844.5
87	511.0
88	318.0
89	188.0
90	147.0
91	123.0
92	75.5
93	37.5
94	25.5
95	24.5
96	19.0
97	11.0
98	6.0
99	3.5
100	0.0
>>END_MODULE
>>Per base N content	pass
#Base	N-Count
1	0.10899845402740094
2	7.205651825065508E-5
3	0.0
4	0.0
5	0.0
6	0.0
7	0.0
8	0.0
9	1.0087912555091712E-5
10-14	0.0
15-19	1.1817268993107433E-5
20-24	1.1067881203300621E-4
25-29	0.05570862361601946
30-34	0.06415047706819321
35-39	0.027551818544393484
40-44	0.004440987332824374
45-49	0.0032990356315879925
50-54	0.00202939978001145
55-59	0.001169909630317636
60-64	0.0021152911497662307
65-69	0.002636692115827971
70-74	0.002609887091038727
75-79	0.002119038088715265
80-84	0.0015348038387389532
85-89	9.318348940174716E-4
90	3.4010676614309196E-4
>>END_MODULE
>>Sequence Length Distribution	pass
#Length	Count
90	6.9389975E7
>>END_MODULE
>>Sequence Duplication Levels	warn
#Total Duplicate Percentage	41.3465423581701
#Duplication Level	Relative count
1	100.0
2	37.795751050330836
3	14.548995594563793
4	6.356415097548944
5	3.0582912350529843
6	1.5920804204725214
7	1.041826129849807
8	0.6650677824837135
9	0.5000765423279073
10++	4.535558163664507
>>END_MODULE
>>Overrepresented sequences	pass
>>END_MODULE
>>Kmer Content	warn
#Sequence	Count	Obs/Exp Overall	Obs/Exp Max	Max Obs/Exp Position
GGAAG	14217790	2.6053271	5.2517395	85-86
GAAGA	14880730	2.5176032	5.029566	85-86
>>END_MODULE
