##FastQC	0.11.2
>>Basic Statistics	pass
#Measure	Value
Filename	father.0.1_phred33.fastq.gz
File type	Conventional base calls
Encoding	Sanger / Illumina 1.9
Total Sequences	1000000
Sequences flagged as poor quality	0
Sequence length	90
%GC	48
>>END_MODULE
>>Per base sequence quality	pass
#Base	Mean	Median	Lower Quartile	Upper Quartile	10th Percentile	90th Percentile
1	32.632336	34.0	31.0	34.0	31.0	34.0
2	32.864656	34.0	33.0	34.0	31.0	34.0
3	32.940171	34.0	33.0	34.0	31.0	34.0
4	36.240709	37.0	37.0	37.0	35.0	37.0
5	36.243265	37.0	37.0	37.0	35.0	37.0
6	36.222266	37.0	37.0	37.0	35.0	37.0
7	36.218091	37.0	37.0	37.0	35.0	37.0
8	36.187869	37.0	37.0	37.0	35.0	37.0
9	37.969964	39.0	39.0	39.0	37.0	39.0
10-11	37.92664	39.0	39.0	39.0	37.0	39.0
12-13	37.869624	39.0	39.0	39.0	37.0	39.0
14-15	39.360954	41.0	40.0	41.0	37.0	41.0
16-17	39.2747185	41.0	39.5	41.0	37.0	41.0
18-19	39.113508499999995	41.0	39.0	41.0	36.0	41.0
20-21	39.01435	41.0	39.0	41.0	36.0	41.0
22-23	38.8279315	40.0	39.0	41.0	36.0	41.0
24-25	38.668786999999995	40.0	38.5	41.0	35.0	41.0
26-27	38.6246405	40.0	38.5	41.0	35.0	41.0
28-29	38.757682	41.0	39.0	41.0	35.5	41.0
30-31	38.684951999999996	41.0	39.0	41.0	35.0	41.0
32-33	38.5573415	40.0	38.5	41.0	35.0	41.0
34-35	38.4091075	40.0	38.0	41.0	34.5	41.0
36-37	38.28071799999999	40.0	38.0	41.0	34.0	41.0
38-39	38.1136705	40.0	38.0	41.0	34.0	41.0
40-41	37.922649	40.0	38.0	41.0	33.0	41.0
42-43	38.084642	40.0	38.0	41.0	33.5	41.0
44-45	38.062739	40.0	38.0	41.0	33.5	41.0
46-47	37.9156005	40.0	38.0	41.0	33.0	41.0
48-49	37.7942295	40.0	38.0	41.0	33.0	41.0
50-51	37.0375595	39.5	37.0	40.5	32.0	41.0
52-53	37.063938	39.5	37.0	40.5	32.0	41.0
54-55	37.322815500000004	40.0	37.0	41.0	32.0	41.0
56-57	37.1592335	40.0	36.5	41.0	32.0	41.0
58-59	36.8850025	39.5	36.0	41.0	31.0	41.0
60-61	36.6370965	39.0	35.0	41.0	31.0	41.0
62-63	36.3241545	39.0	35.0	41.0	31.0	41.0
64-65	35.9801335	38.5	35.0	40.5	30.0	41.0
66-67	35.569758	37.5	35.0	40.0	30.0	41.0
68-69	35.169996999999995	37.0	34.5	40.0	29.0	41.0
70-71	34.7489165	36.5	34.0	39.0	29.0	41.0
72-73	34.298677	36.0	34.0	39.0	28.0	41.0
74-75	33.869796	35.0	34.0	38.5	27.5	40.0
76-77	33.468617	35.0	34.0	37.0	27.0	39.5
78-79	33.060897	35.0	33.0	37.0	26.5	39.0
80-81	32.5372385	35.0	33.0	36.5	26.0	39.0
82-83	32.0858695	35.0	33.0	36.0	25.0	37.0
84-85	31.6762285	35.0	32.0	35.5	24.0	37.0
86-87	31.225019000000003	35.0	32.0	35.0	22.0	36.5
88-89	30.663838	35.0	32.0	35.0	17.5	36.0
90	30.148133	34.0	31.0	35.0	2.0	36.0
>>END_MODULE
>>Per tile sequence quality	pass
#Tile	Base	Mean
1101	1	-0.016034555983388543
1101	2	-0.016119251515426924
1101	3	-0.033205381860483385
1101	4	-0.018819169075854347
1101	5	-0.018042580439690425
1101	6	-0.03289298401526963
1101	7	-0.0212971075303372
1101	8	9.217200463922381E-4
1101	9	-0.02781951652313097
1101	10-11	-0.040595374516996685
1101	12-13	-0.029439963798068902
1101	14-15	-0.02611958014853144
1101	16-17	-0.022417470478728774
1101	18-19	-0.05138793687254406
1101	20-21	-0.06896194831734448
1101	22-23	-0.05682669178640509
1101	24-25	-0.09275999326339956
1101	26-27	-0.08591416850754285
1101	28-29	-0.08715972587039289
1101	30-31	-0.0791263921498313
1101	32-33	-0.09152692776743265
1101	34-35	-0.10023522104030036
1101	36-37	-0.07059518403438148
1101	38-39	-0.07588946020185006
1101	40-41	-0.09680502917918687
1101	42-43	-0.10512239565702686
1101	44-45	-0.1343020596579052
1101	46-47	-0.14843947956514114
1101	48-49	-0.15626872688955018
1101	50-51	-0.16143373891650015
1101	52-53	-0.16705185339232287
1101	54-55	-0.1705715762508646
1101	56-57	-0.19895936360983058
1101	58-59	-0.20272446029976976
1101	60-61	-0.14936575734762414
1101	62-63	-0.1839273816136
1101	64-65	-0.18931643488649286
1101	66-67	-0.18053683858491354
1101	68-69	-0.17778001528400011
1101	70-71	-0.2165744165010679
1101	72-73	-0.23223640359577047
1101	74-75	-0.23681178542038595
1101	76-77	-0.2313171850967919
1101	78-79	-0.23776369067349634
1101	80-81	-0.22514282050412504
1101	82-83	-0.23878185816862896
1101	84-85	-0.24860517107664037
1101	86-87	-0.2523526141023851
1101	88-89	-0.2782286246680279
1101	90	-0.32431702835431864
1102	1	0.016034555983381438
1102	2	0.016119251515426924
1102	3	0.033205381860483385
1102	4	0.018819169075847242
1102	5	0.01804258043968332
1102	6	0.03289298401526253
1102	7	0.0212971075303372
1102	8	-9.217200463993436E-4
1102	9	0.02781951652313097
1102	10-11	0.04059537451700379
1102	12-13	0.029439963798068902
1102	14-15	0.02611958014853144
1102	16-17	0.02241747047872167
1102	18-19	0.05138793687254406
1102	20-21	0.06896194831734448
1102	22-23	0.0568266917864122
1102	24-25	0.09275999326339246
1102	26-27	0.08591416850753575
1102	28-29	0.08715972587039289
1102	30-31	0.0791263921498242
1102	32-33	0.09152692776743976
1102	34-35	0.10023522104030036
1102	36-37	0.07059518403438148
1102	38-39	0.07588946020185006
1102	40-41	0.09680502917919398
1102	42-43	0.10512239565701975
1102	44-45	0.1343020596578981
1102	46-47	0.14843947956514114
1102	48-49	0.15626872688955018
1102	50-51	0.16143373891649304
1102	52-53	0.16705185339232287
1102	54-55	0.1705715762508646
1102	56-57	0.19895936360983058
1102	58-59	0.20272446029977687
1102	60-61	0.14936575734762414
1102	62-63	0.1839273816136
1102	64-65	0.18931643488649286
1102	66-67	0.18053683858490643
1102	68-69	0.17778001528400011
1102	70-71	0.216574416501075
1102	72-73	0.23223640359576336
1102	74-75	0.23681178542038595
1102	76-77	0.231317185096799
1102	78-79	0.23776369067348924
1102	80-81	0.22514282050412504
1102	82-83	0.23878185816863606
1102	84-85	0.24860517107664037
1102	86-87	0.2523526141023851
1102	88-89	0.27822862466803144
1102	90	0.3243170283543222
>>END_MODULE
>>Per sequence quality scores	pass
#Quality	Count
2	4214.0
3	595.0
4	605.0
5	597.0
6	708.0
7	883.0
8	988.0
9	1099.0
10	1200.0
11	1268.0
12	1383.0
13	1457.0
14	1508.0
15	1576.0
16	1570.0
17	1654.0
18	1652.0
19	1880.0
20	2206.0
21	2342.0
22	2700.0
23	3107.0
24	3650.0
25	4220.0
26	5066.0
27	6149.0
28	7388.0
29	9061.0
30	11541.0
31	14692.0
32	19070.0
33	26053.0
34	37849.0
35	57469.0
36	97048.0
37	173742.0
38	274914.0
39	209054.0
40	7842.0
>>END_MODULE
>>Per base sequence content	pass
#Base	G	A	T	C
1	20.76135282797673	27.60864188345442	27.34260475086417	24.28740053770468
2	23.69138953111625	27.96192369538956	25.6422051376411	22.70448163585309
3	24.073700000000002	26.378	26.0529	23.4954
4	23.96423964239642	25.236452364523643	26.298862988629885	24.500445004450043
5	23.741337413374133	25.723457234572344	26.840568405684056	23.694636946369464
6	24.2255	25.608399999999996	25.7227	24.4434
7	24.26322131610658	25.67002835014175	26.303031515157578	23.763718818594093
8	23.712479399670393	25.942215075441204	26.379322069153105	23.965983455735294
9	23.6637	25.6196	26.6457	24.071
10-11	23.59385	25.783	26.4744	24.14875
12-13	23.5192	25.7268	26.6291	24.1249
14-15	23.4627	25.74085	26.65445	24.142
16-17	23.49975	25.69475	26.622449999999997	24.18305
18-19	23.5844	25.6612	26.462950000000003	24.29145
20-21	23.709831937647127	25.574058036812513	26.426819975479653	24.2892900500607
22-23	23.701253245116824	25.626172542211517	26.327897804320955	24.3446764083507
24-25	23.77061598577975	25.556847244826784	26.32586070256229	24.34667606683117
26-27	23.819107387238375	25.616553222107164	26.222568675501222	24.341770715153235
28-29	23.787227701880372	25.696602167484535	26.234173132752176	24.281996997882917
30-31	23.87294047053529	25.64472335425157	26.16546240968073	24.316873765532414
32-33	23.9275	25.7006	26.08315	24.28875
34-35	23.8961738961739	25.754025754025754	26.065176065176065	24.284624284624286
36-37	23.89354555950635	25.69035426643312	26.082077965716927	24.334022208343605
38-39	23.98025	25.698549999999997	26.0385	24.2827
40-41	24.0382	25.7276	25.9793	24.2549
42-43	23.957731210259876	25.715097196414966	26.03366822210266	24.2935033712225
44-45	23.9863	25.7647	25.964399999999998	24.2846
46-47	24.01335	25.7608	25.965500000000002	24.26035
48-49	24.05792217376652	25.79327737983214	25.92577777733333	24.223022669068005
50-51	24.12705	25.744899999999998	25.9007	24.22735
52-53	24.05925	25.8588	25.9119	24.17005
54-55	24.1651	25.823400000000003	25.813049999999997	24.198449999999998
56-57	24.1262	25.86965	25.820500000000003	24.18365
58-59	24.142018994132957	25.850730955116685	25.873381113667797	24.13386893708256
60-61	24.198449999999998	25.84395	25.779049999999998	24.178549999999998
62-63	24.2413	25.893349999999998	25.74185	24.1235
64-65	24.31435	25.94625	25.67275	24.06665
66-67	24.334	25.9972	25.621	24.0478
68-69	24.398249999999997	26.024	25.604149999999997	23.9736
70-71	24.48805	26.0721	25.530599999999996	23.90925
72-73	24.56804049689093	26.127724809945818	25.47711049643092	23.827124196732328
74-75	24.6139	26.10345	25.486199999999997	23.79645
76-77	24.6293	26.15955	25.4069	23.80425
78-79	24.7914	26.212449999999997	25.30765	23.6885
80-81	24.90378716325507	26.26054191189669	25.24718836515928	23.58848255968896
82-83	25.00365	26.32185	25.152600000000003	23.521900000000002
84-85	25.149316755527533	26.31670002595074	25.085414934325627	23.4485682841961
86-87	25.25331114569041	26.37966070507102	25.008000352015493	23.359027797223078
88-89	25.426699234228938	26.393025808209725	24.897434679453685	23.282840278107646
90	25.615453692722156	26.380558283349696	24.754948529691177	23.249039494236964
>>END_MODULE
>>Per sequence GC content	warn
#GC Content	Count
0	0.0
1	7.0
2	11.5
3	17.0
4	19.0
5	17.5
6	22.5
7	25.0
8	25.5
9	25.5
10	27.0
11	34.5
12	40.0
13	53.5
14	65.0
15	66.5
16	86.0
17	127.5
18	190.0
19	309.0
20	393.0
21	493.0
22	747.5
23	1092.5
24	1622.0
25	2316.0
26	3226.0
27	4460.0
28	5931.0
29	7656.0
30	8589.0
31	9787.0
32	12434.5
33	15347.0
34	18438.5
35	22284.5
36	25948.5
37	29348.0
38	32571.0
39	35213.0
40	36585.0
41	37249.0
42	38317.0
43	38927.5
44	39056.5
45	39077.5
46	38994.0
47	38509.0
48	38157.0
49	37603.0
50	37098.0
51	36481.0
52	35504.5
53	34625.5
54	33727.5
55	32740.5
56	31538.0
57	30074.0
58	27948.5
59	25630.0
60	24567.0
61	23424.5
62	20793.5
63	17969.5
64	15355.0
65	12872.0
66	10552.5
67	8479.5
68	6624.5
69	5021.0
70	4315.0
71	3704.5
72	2722.5
73	2066.0
74	1529.0
75	1104.0
76	811.5
77	612.0
78	461.5
79	346.5
80	302.0
81	263.5
82	210.5
83	163.0
84	124.5
85	103.5
86	86.5
87	74.5
88	60.5
89	60.5
90	64.0
91	48.0
92	28.0
93	29.0
94	26.0
95	16.5
96	13.5
97	9.5
98	6.5
99	5.5
100	5.0
>>END_MODULE
>>Per base N content	pass
#Base	N-Count
1	0.5402
2	7.999999999999999E-4
3	0.0
4	0.001
5	0.001
6	0.0
7	5.0E-4
8	0.0015999999999999999
9	0.0
10-11	0.0
12-13	0.0
14-15	0.0
16-17	0.0
18-19	0.0
20-21	0.0014
22-23	0.0036
24-25	0.0017499999999999998
26-27	0.00255
28-29	0.0039
30-31	0.0075
32-33	0.0
34-35	9.999999999999999E-5
36-37	0.00605
38-39	0.0
40-41	0.0
42-43	0.006600000000000001
44-45	0.0
46-47	0.0
48-49	3.0000000000000003E-4
50-51	0.0
52-53	0.0
54-55	0.0
56-57	0.0
58-59	7.0E-4
60-61	0.0
62-63	0.0
64-65	0.0
66-67	0.0
68-69	0.0
70-71	0.0
72-73	0.0022
74-75	0.0
76-77	0.0
78-79	0.0
80-81	3.5E-4
82-83	0.0
84-85	0.00285
86-87	0.0044
88-89	0.0027500000000000003
90	6.000000000000001E-4
>>END_MODULE
>>Sequence Length Distribution	pass
#Length	Count
90	1000000.0
>>END_MODULE
>>Sequence Duplication Levels	pass
#Total Deduplicated Percentage	98.83019221448525
#Duplication Level	Percentage of deduplicated	Percentage of total
1	99.00935612419886	97.85113696786996
2	0.8634157274355394	1.7066308460692792
3	0.08073877451325276	0.2393828581292026
4	0.035198076465135446	0.1391453065051794
5	0.005140203615032757	0.02540036556476396
6	0.004300617687157181	0.02550185235976555
7	0.00185047608500438	0.01280180350185037
8	0.0	0.0
9	0.0	0.0
>10	0.0	0.0
>50	0.0	0.0
>100	0.0	0.0
>500	0.0	0.0
>1k	0.0	0.0
>5k	0.0	0.0
>10k+	0.0	0.0
>>END_MODULE
>>Overrepresented sequences	pass
>>END_MODULE
>>Adapter Content	pass
#Position	Illumina Universal Adapter	Illumina Small RNA Adapter	Nextera Transposase Sequence
1	0.0	0.0	0.0
2	0.0	0.0	0.0
3	0.0	0.0	0.0
4	0.0	0.0	0.0
5	0.0	0.0	0.0
6	0.0	0.0	0.0
7	0.0	0.0	0.0
8	0.0	0.0	0.0
9	0.0	0.0	0.0
10-11	1.0E-4	0.0	0.0
12-13	1.0E-4	0.0	0.0
14-15	1.0E-4	0.0	0.0
16-17	1.0E-4	0.0	0.0
18-19	2.5E-4	0.0	0.0
20-21	3.0E-4	0.0	0.0
22-23	3.0E-4	0.0	1.0E-4
24-25	3.0E-4	0.0	1.5000000000000001E-4
26-27	3.0E-4	0.0	2.0E-4
28-29	4.5E-4	0.0	2.0E-4
30-31	6.5E-4	0.0	2.0E-4
32-33	0.0010500000000000002	0.0	2.5E-4
34-35	0.0015	0.0	3.5E-4
36-37	0.00255	0.0	4.5E-4
38-39	0.004699999999999999	0.0	5.0E-4
40-41	0.00895	0.0	5.0E-4
42-43	0.0158	0.0	6.0E-4
44-45	0.02395	0.0	6.0E-4
46-47	0.0369	0.0	6.0E-4
48-49	0.05885	0.0	6.5E-4
50-51	0.08645	0.0	7.0E-4
52-53	0.12235	0.0	7.0E-4
54-55	0.1699	0.0	8.0E-4
56-57	0.23495	0.0	8.0E-4
58-59	0.31895	0.0	8.0E-4
60-61	0.43405000000000005	0.0	8.0E-4
62-63	0.5647	5.0E-5	8.0E-4
64-65	0.7221500000000001	1.0E-4	8.0E-4
66-67	0.9168000000000001	1.0E-4	8.0E-4
68-69	1.15475	1.0E-4	8.0E-4
70-71	1.43065	1.0E-4	8.0E-4
72-73	1.75545	1.0E-4	8.0E-4
74-75	2.1257	1.0E-4	8.0E-4
76-77	2.54185	1.0E-4	8.0E-4
78	2.8904	1.0E-4	8.0E-4
>>END_MODULE
>>Kmer Content	warn
#Sequence	Count	PValue	Obs/Exp Max	Max Obs/Exp Position
GTATACG	55	0.0058670635	19.091784	36-37
CCTTCGA	260	3.4563246E-4	12.92173	4
CGTGTAG	1350	0.0	9.643922	84
AGTGTAG	525	1.5008716E-5	9.599481	84
GTCGTGT	1665	0.0	9.080589	84
TCGTGTA	1485	0.0	8.625796	82-83
CGTCGTG	1825	0.0	8.514606	84
GCGTCGT	1990	0.0	8.23071	84
GTGTAGG	1515	0.0	8.039168	84
GTAGGGA	1225	0.0	7.542449	84
AGCGTCG	2210	0.0	7.411363	82-83
CGGAAGA	3910	0.0	6.7668967	84
GAGTGTA	530	4.069705E-6	6.735484	82-83
AAGAGCG	2900	0.0	6.5168886	84
GAGCGTC	2520	0.0	6.499648	82-83
AGAGCGT	2670	0.0	6.291794	80-81
TAGGGAA	1230	0.0	6.1460085	82-83
AGATCGG	4865	0.0	6.042838	84
ATCGGAA	4245	0.0	5.9360747	82-83
TCGGAAG	4040	0.0	5.9254217	84
>>END_MODULE
