##FastQC	0.10.1
>>Basic Statistics	pass
#Measure	Value	
Filename	father.1_phred33.fastq	
File type	Conventional base calls	
Encoding	Sanger / Illumina 1.9	
Total Sequences	40546952	
Filtered Sequences	0	
Sequence length	90	
%GC	48	
>>END_MODULE
>>Per base sequence quality	pass
#Base	Mean	Median	Lower Quartile	Upper Quartile	10th Percentile	90th Percentile
1	32.59701054717997	34.0	31.0	34.0	31.0	34.0
2	32.85009595789099	34.0	31.0	34.0	31.0	34.0
3	32.90902768721062	34.0	31.0	34.0	31.0	34.0
4	36.3177209966362	37.0	37.0	37.0	35.0	37.0
5	36.245907016635925	37.0	37.0	37.0	35.0	37.0
6	36.226873748734555	37.0	37.0	37.0	35.0	37.0
7	36.21067285156231	37.0	37.0	37.0	35.0	37.0
8	36.20132423270682	37.0	37.0	37.0	35.0	37.0
9	37.970005119003766	39.0	38.0	39.0	35.0	39.0
10-14	38.221730753029235	39.4	38.2	39.4	35.2	39.4
15-19	39.2706230742079	41.0	39.0	41.0	36.0	41.0
20-24	39.063464178515815	40.2	38.8	41.0	35.6	41.0
25-29	38.75341684376177	40.0	38.0	41.0	34.6	41.0
30-34	38.7679694246808	40.0	38.0	41.0	35.0	41.0
35-39	38.76328929484022	40.0	38.0	41.0	35.0	41.0
40-44	38.475320561703384	40.0	38.0	41.0	34.0	41.0
45-49	38.17672156466902	40.0	37.8	41.0	33.2	41.0
50-54	37.71304576482099	40.0	36.8	41.0	32.8	41.0
55-59	37.111333700249524	39.0	35.6	41.0	31.6	41.0
60-64	36.33970363049731	38.2	35.0	40.0	30.8	41.0
65-69	35.394231413498105	36.8	34.2	39.6	29.6	41.0
70-74	34.34193958154981	35.4	33.6	38.6	28.6	40.0
75-79	33.02716212552795	34.8	32.4	36.2	27.0	39.0
80-84	32.40767952175542	35.0	32.4	35.6	26.4	37.2
85-89	31.194670425535314	34.0	31.4	35.0	23.8	36.2
90	30.17032868463208	34.0	31.0	35.0	16.0	36.0
>>END_MODULE
>>Per sequence quality scores	pass
#Quality	Count
2	685.0
3	367.0
4	477.0
5	803.0
6	1375.0
7	2556.0
8	5206.0
9	9644.0
10	14162.0
11	19164.0
12	24566.0
13	29933.0
14	35860.0
15	42316.0
16	48971.0
17	57072.0
18	65295.0
19	74449.0
20	84278.0
21	96401.0
22	109499.0
23	127184.0
24	150925.0
25	185431.0
26	231501.0
27	294733.0
28	375448.0
29	475147.0
30	597090.0
31	750727.0
32	954826.0
33	1255257.0
34	1750049.0
35	2603628.0
36	4335404.0
37	7733196.0
38	1.1496421E7
39	6437036.0
40	69870.0
>>END_MODULE
>>Per base sequence content	pass
#Base	G	A	T	C
1	21.006427098301163	27.434902196953526	27.594890019834782	23.963780684910528
2	23.454228315090862	27.081479826108556	26.733852333855886	22.730439524944696
3	23.593027977590896	25.766492962534883	27.17044440988914	23.470034649985084
4	23.728164035668023	25.210447952574178	27.022525101174566	24.03886291058324
5	23.72355880165789	25.464777229124397	27.085540239868095	23.72612372934962
6	23.941190450024454	25.431122418276964	26.245223068801813	24.382464062896762
7	24.01972656292389	25.58628081341355	26.595703173940176	23.798289449722386
8	23.52951708922535	25.709274028785195	26.684891135590167	24.076317746399287
9	23.433783629408197	25.48366397553138	26.86193280323512	24.220619591825297
10-14	23.40226710125818	25.699486531531768	26.737131055289698	24.16111531192036
15-19	23.429113396409644	25.59938535883012	26.704140129316006	24.267361115444235
20-24	23.5671856384636	25.559999278655027	26.54827690989152	24.324538172989847
25-29	23.696277912450455	25.622886797427274	26.39592649198323	24.284908798139043
30-34	23.80572520070104	25.6383031606708	26.294069791394588	24.26190184723357
35-39	23.846333495785718	25.657757425172612	26.243180887924268	24.252728191117402
40-44	23.897090014841147	25.718231918840523	26.17266060577601	24.212017460542324
45-49	23.950245635155817	25.718545591512964	26.119894721469635	24.21131405186159
50-54	23.99416831561581	25.76619261877958	26.066523397767572	24.17311566783703
55-59	24.040538036022106	25.840473928375797	26.00623702692131	24.11275100868078
60-64	24.103638858633037	25.901172728479665	25.914394789329116	24.080793623558186
65-69	24.18195250516154	25.995941441879584	25.805356022713077	24.016750030245802
70-74	24.28467594689849	26.134653702483728	25.647699976642542	23.932970373975245
75-79	24.37774467141182	26.268302250772678	25.474793691054625	23.879159386760875
80-84	24.471123221810593	26.450734193617905	25.24701902892242	23.831123555649086
85-89	24.54710356974864	26.637438268883802	24.989861328304944	23.82559683306262
90	24.60484051257129	26.719540897356897	24.791343438666445	23.884275151405372
>>END_MODULE
>>Per base GC content	pass
#Base	%GC
1	44.97020778321169
2	46.18466784003556
3	47.06306262757598
4	47.767026946251264
5	47.44968253100751
6	48.323654512921216
7	47.818016012646275
8	47.60583483562464
9	47.6544032212335
10-14	47.56338241317854
15-19	47.69647451185388
20-24	47.891723811453446
25-29	47.9811867105895
30-34	48.067627047934614
35-39	48.09906168690312
40-44	48.10910747538347
45-49	48.16155968701741
50-54	48.16728398345284
55-59	48.15328904470289
60-64	48.18443248219122
65-69	48.19870253540734
70-74	48.21764632087373
75-79	48.256904058172694
80-84	48.30224677745968
85-89	48.37270040281126
90	48.48911566397666
>>END_MODULE
>>Per sequence GC content	warn
#GC Content	Count
0	4.0
1	4.5
2	4.0
3	3.5
4	7.0
5	11.5
6	15.0
7	24.5
8	43.5
9	66.0
10	77.0
11	93.5
12	144.5
13	244.0
14	451.5
15	764.5
16	1389.0
17	2633.5
18	4968.5
19	8928.5
20	11344.0
21	15152.5
22	24822.0
23	39330.5
24	59427.0
25	87220.0
26	125236.0
27	173225.5
28	233026.5
29	306735.5
30	346961.0
31	394344.0
32	498665.0
33	621574.5
34	760375.0
35	909006.0
36	1061870.5
37	1211555.5
38	1346872.5
39	1458264.0
40	1506961.0
41	1537376.5
42	1584086.0
43	1605970.0
44	1613398.0
45	1616457.5
46	1606749.5
47	1585231.0
48	1563633.0
49	1535212.5
50	1517801.0
51	1498125.5
52	1456157.5
53	1412592.5
54	1372966.0
55	1332416.0
56	1284016.5
57	1220759.0
58	1139332.0
59	1045190.5
60	995422.0
61	942935.0
62	832465.5
63	718477.5
64	607031.0
65	502263.5
66	407434.5
67	321687.5
68	246229.5
69	182555.0
70	154094.0
71	131907.0
72	93626.5
73	65765.0
74	45673.5
75	31368.0
76	21434.0
77	14648.0
78	9731.0
79	6279.5
80	4911.0
81	3940.0
82	2322.0
83	1291.5
84	676.5
85	359.5
86	222.5
87	149.5
88	105.5
89	68.5
90	54.0
91	44.0
92	24.5
93	18.0
94	18.0
95	12.0
96	7.0
97	5.0
98	3.0
99	1.5
100	2.0
>>END_MODULE
>>Per base N content	pass
#Base	N-Count
1	0.22380967131635446
2	0.013729761980629272
3	9.125223518650674E-5
4	0.002320766305689266
5	0.0
6	0.0
7	0.0
8	0.0
9	0.0
10-14	6.412319229322096E-6
15-19	2.6487810970353583E-4
20-24	0.0011621095464832967
25-29	2.0223468338631225E-4
30-34	6.80692348958807E-5
35-39	0.0012513887603684735
40-44	5.327157513590664E-4
45-49	2.6981066295686046E-4
50-54	0.0017875572990048673
55-59	0.0019103778750126522
60-64	0.0026611124801686693
65-69	0.0020425703022017537
70-74	0.001465461571562765
75-79	1.6622704463704202E-4
80-84	9.85524140014273E-4
85-89	5.435673685163807E-4
90	0.006945034980681161
>>END_MODULE
>>Sequence Length Distribution	pass
#Length	Count
90	4.0546952E7
>>END_MODULE
>>Sequence Duplication Levels	warn
#Total Duplicate Percentage	31.36038614582191
#Duplication Level	Relative count
1	100.0
2	27.65339183750563
3	8.3659029160068
4	3.030060877272001
5	1.4340302497566362
6	0.7954727069318727
7	0.5281357606753164
8	0.3719470556612957
9	0.3123774100280413
10++	2.8004998038560447
>>END_MODULE
>>Overrepresented sequences	pass
>>END_MODULE
>>Kmer Content	warn
#Sequence	Count	Obs/Exp Overall	Obs/Exp Max	Max Obs/Exp Position
GGAAG	8324870	2.5981688	5.3056874	85-86
GAAGA	8774665	2.5300136	5.0654497	85-86
>>END_MODULE
