##FastQC	0.11.2
>>Basic Statistics	pass
#Measure	Value
Filename	mother.0.1_phred33.fastq.gz
File type	Conventional base calls
Encoding	Sanger / Illumina 1.9
Total Sequences	1000000
Sequences flagged as poor quality	0
Sequence length	90
%GC	48
>>END_MODULE
>>Per base sequence quality	pass
#Base	Mean	Median	Lower Quartile	Upper Quartile	10th Percentile	90th Percentile
1	37.417102	39.0	38.0	39.0	35.0	39.0
2	37.209981	39.0	37.0	39.0	34.0	39.0
3	37.141106	39.0	37.0	39.0	34.0	39.0
4	37.119048	39.0	37.0	39.0	34.0	39.0
5	37.103753	39.0	37.0	39.0	34.0	39.0
6	37.071331	39.0	37.0	39.0	34.0	39.0
7	36.992174	39.0	37.0	39.0	33.0	39.0
8	36.913498	39.0	37.0	39.0	33.0	39.0
9	36.927199	39.0	37.0	39.0	33.0	39.0
10-11	36.861351	39.0	37.0	39.0	33.0	39.0
12-13	36.681241	39.0	37.0	39.0	33.0	39.0
14-15	36.6328415	39.0	37.0	39.0	33.0	39.0
16-17	36.525908	39.0	36.5	39.0	32.5	39.0
18-19	36.337072500000005	39.0	36.0	39.0	31.5	39.0
20-21	36.248683	39.0	36.0	39.0	31.0	39.0
22-23	36.059804	38.5	36.0	39.0	31.0	39.0
24-25	35.9301635	38.0	36.0	39.0	31.0	39.0
26-27	35.661105	38.0	36.0	39.0	30.0	39.0
28-29	35.5173295	38.0	35.0	39.0	29.5	39.0
30-31	35.458308	38.0	35.0	39.0	29.0	39.0
32-33	35.2954455	38.0	35.0	39.0	29.0	39.0
34-35	35.224124	37.5	35.0	39.0	29.0	39.0
36-37	35.310976	38.0	35.0	39.0	29.0	39.0
38-39	35.0084065	37.0	35.0	39.0	28.0	39.0
40-41	34.8196285	37.0	35.0	39.0	28.0	39.0
42-43	34.612101	37.0	34.0	39.0	27.0	39.0
44-45	34.3441775	37.0	34.0	39.0	26.5	39.0
46-47	33.840068	37.0	33.0	39.0	25.0	39.0
48-49	33.5544395	36.5	33.0	39.0	25.0	39.0
50-51	33.7820385	37.0	34.0	39.0	25.0	39.0
52-53	34.1448295	37.0	34.0	39.0	25.5	39.0
54-55	33.9992885	37.0	34.0	39.0	25.0	39.0
56-57	34.3910775	38.0	35.0	39.0	26.0	39.0
58-59	34.164944500000004	38.0	34.5	39.0	25.0	39.0
60-61	33.9078915	38.0	34.0	39.0	23.5	39.0
62-63	33.579269499999995	37.5	33.5	39.0	22.5	39.0
64-65	33.307247	37.0	33.0	39.0	21.5	39.0
66-67	32.82931	37.0	33.0	39.0	19.0	39.0
68-69	32.506279500000005	37.0	32.0	39.0	17.0	39.0
70-71	32.097603	37.0	31.5	39.0	12.5	39.0
72-73	31.6504825	36.0	31.0	39.0	9.0	39.0
74-75	31.189180999999998	36.0	30.0	39.0	2.0	39.0
76-77	30.603396	36.0	29.5	38.5	2.0	39.0
78-79	30.146099999999997	36.0	29.0	38.0	2.0	39.0
80-81	29.531454	35.0	27.5	38.0	2.0	39.0
82-83	28.784827	35.0	26.5	38.0	2.0	39.0
84-85	28.1956265	34.5	25.0	37.0	2.0	39.0
86-87	27.2143105	34.0	21.5	37.0	2.0	39.0
88-89	26.4716685	33.0	19.0	37.0	2.0	39.0
90	25.971737	33.0	14.0	37.0	2.0	39.0
>>END_MODULE
>>Per tile sequence quality	pass
#Tile	Base	Mean
1101	1	0.0
1101	2	0.0
1101	3	0.0
1101	4	0.0
1101	5	0.0
1101	6	0.0
1101	7	0.0
1101	8	0.0
1101	9	0.0
1101	10-11	0.0
1101	12-13	0.0
1101	14-15	0.0
1101	16-17	0.0
1101	18-19	0.0
1101	20-21	0.0
1101	22-23	0.0
1101	24-25	0.0
1101	26-27	0.0
1101	28-29	0.0
1101	30-31	0.0
1101	32-33	0.0
1101	34-35	0.0
1101	36-37	0.0
1101	38-39	0.0
1101	40-41	0.0
1101	42-43	0.0
1101	44-45	0.0
1101	46-47	0.0
1101	48-49	0.0
1101	50-51	0.0
1101	52-53	0.0
1101	54-55	0.0
1101	56-57	0.0
1101	58-59	0.0
1101	60-61	0.0
1101	62-63	0.0
1101	64-65	0.0
1101	66-67	0.0
1101	68-69	0.0
1101	70-71	0.0
1101	72-73	0.0
1101	74-75	0.0
1101	76-77	0.0
1101	78-79	0.0
1101	80-81	0.0
1101	82-83	0.0
1101	84-85	0.0
1101	86-87	0.0
1101	88-89	0.0
1101	90	0.0
>>END_MODULE
>>Per sequence quality scores	pass
#Quality	Count
2	7243.0
3	846.0
4	1035.0
5	1439.0
6	1325.0
7	1589.0
8	1665.0
9	2020.0
10	2115.0
11	2536.0
12	2618.0
13	3048.0
14	3167.0
15	3583.0
16	3750.0
17	4259.0
18	4449.0
19	5351.0
20	6100.0
21	7043.0
22	8142.0
23	9389.0
24	10905.0
25	12402.0
26	14049.0
27	16063.0
28	18217.0
29	21344.0
30	24997.0
31	29757.0
32	35828.0
33	45366.0
34	58318.0
35	81498.0
36	120050.0
37	194713.0
38	233778.0
39	3.0
>>END_MODULE
>>Per base sequence content	pass
#Base	G	A	T	C
1	21.803900000000002	28.087600000000002	26.216099999999997	23.8924
2	23.6063	28.2387	26.4244	21.7306
3	23.57	26.2604	26.611	23.5586
4	23.9792	25.921	26.2023	23.8975
5	24.129900000000003	25.553700000000003	26.271299999999997	24.0451
6	24.360799999999998	25.282300000000003	25.6247	24.7322
7	24.310000000000002	25.4441	25.733600000000003	24.5123
8	23.5832	25.747700000000002	26.382699999999996	24.2864
9	23.7332	25.394499999999997	26.460099999999997	24.412200000000002
10-11	23.6729	25.78045	26.2048	24.34185
12-13	23.5625	25.818600000000004	26.1305	24.4884
14-15	23.6102	25.89965	26.2138	24.27635
16-17	23.6557	25.8084	26.136799999999997	24.3991
18-19	23.74725	25.648149999999998	26.14125	24.463350000000002
20-21	23.73215	25.58485	26.1071	24.5759
22-23	23.88905	25.60675	26.0663	24.437900000000003
24-25	23.809649999999998	25.522650000000002	26.06005	24.60765
26-27	23.9372	25.53	26.037349999999996	24.495449999999998
28-29	23.9206	25.5449	25.919249999999998	24.61525
30-31	24.08945	25.4904	25.8727	24.54745
32-33	24.0427	25.506649999999997	25.8997	24.55095
34-35	24.09175	25.505650000000003	25.88505	24.51755
36-37	24.17035	25.4402	25.84485	24.5446
38-39	24.1482	25.4591	25.828	24.564700000000002
40-41	24.1834	25.50435	25.7384	24.57385
42-43	24.22315	25.50325	25.6795	24.5941
44-45	24.2384	25.450850000000003	25.668999999999997	24.641750000000002
46-47	24.2595	25.470350000000003	25.6616	24.60855
48-49	24.336	25.43415	25.61155	24.6183
50-51	24.3216	25.424049999999998	25.559749999999998	24.6946
52-53	24.3886	25.475950000000005	25.579	24.556449999999998
54-55	24.43775	25.433149999999998	25.535950000000003	24.59315
56-57	24.48045	25.4245	25.4659	24.62915
58-59	24.465700000000002	25.420150000000003	25.508399999999998	24.60575
60-61	24.53015	25.413200000000003	25.403799999999997	24.65285
62-63	24.557499999999997	25.387549999999997	25.447750000000003	24.607200000000002
64-65	24.560299999999998	25.364449999999998	25.437949999999997	24.6373
66-67	24.6458	25.34945	25.3468	24.65795
68-69	24.60435	25.32395	25.38545	24.68625
70-71	24.713099999999997	25.32955	25.32085	24.6365
72-73	24.77645	25.34675	25.2176	24.659200000000002
74-75	24.8129	25.327899999999996	25.227149999999998	24.63205
76-77	24.844949999999997	25.374200000000002	25.14725	24.6336
78-79	24.83475	25.34345	25.12545	24.69635
80-81	24.93405	25.243199999999998	25.08325	24.7395
82-83	24.918950000000002	25.35095	25.03405	24.69605
84-85	24.998	25.27985	24.9989	24.72325
86-87	25.06005	25.28965	24.9417	24.7086
88-89	25.044800000000002	25.35015	24.91145	24.6936
90	25.101200000000002	25.1541	24.894	24.8507
>>END_MODULE
>>Per sequence GC content	pass
#GC Content	Count
0	0.0
1	0.5
2	2.0
3	3.0
4	2.0
5	2.0
6	6.0
7	6.0
8	6.0
9	13.0
10	17.0
11	15.0
12	14.0
13	16.5
14	22.5
15	40.0
16	53.5
17	92.0
18	172.0
19	287.5
20	361.0
21	488.5
22	764.5
23	1148.5
24	1659.5
25	2309.5
26	3126.0
27	4079.5
28	5255.5
29	6691.0
30	7462.0
31	8298.5
32	10161.0
33	12242.0
34	14614.5
35	17325.5
36	20357.0
37	23922.5
38	27421.5
39	30759.0
40	32525.0
41	33959.5
42	36955.5
43	39515.5
44	41377.5
45	42486.0
46	42768.0
47	42770.5
48	42388.5
49	41683.5
50	41326.0
51	40902.5
52	39554.0
53	37686.0
54	35981.5
55	34388.0
56	32672.0
57	30707.0
58	28483.0
59	26191.5
60	25043.0
61	23662.5
62	21001.0
63	18322.0
64	15571.5
65	13026.0
66	10698.0
67	8690.5
68	6879.0
69	5289.0
70	4638.0
71	4024.0
72	2995.0
73	2229.0
74	1606.0
75	1147.5
76	835.5
77	609.0
78	438.0
79	331.0
80	294.0
81	253.5
82	180.5
83	118.5
84	80.5
85	57.0
86	34.0
87	28.0
88	22.0
89	9.5
90	5.0
91	3.0
92	2.0
93	3.0
94	3.0
95	2.0
96	1.0
97	0.5
98	0.0
99	0.0
100	0.0
>>END_MODULE
>>Per base N content	pass
#Base	N-Count
1	0.0
2	0.0
3	0.0
4	0.0
5	0.0
6	0.0
7	0.0
8	0.0
9	0.0
10-11	0.0
12-13	0.0
14-15	0.0
16-17	0.0
18-19	0.0
20-21	0.0
22-23	0.0
24-25	0.0
26-27	0.0
28-29	0.0
30-31	0.0
32-33	0.0
34-35	0.0
36-37	0.0
38-39	0.0
40-41	0.0
42-43	0.0
44-45	0.0
46-47	0.0
48-49	0.0
50-51	0.0
52-53	0.0
54-55	0.0
56-57	0.0
58-59	0.0
60-61	0.0
62-63	0.0
64-65	0.0
66-67	0.0
68-69	0.0
70-71	0.0
72-73	0.0
74-75	0.0
76-77	0.0
78-79	0.0
80-81	0.0
82-83	0.0
84-85	0.0
86-87	0.0
88-89	0.0
90	0.0
>>END_MODULE
>>Sequence Length Distribution	pass
#Length	Count
90	1000000.0
>>END_MODULE
>>Sequence Duplication Levels	pass
#Total Deduplicated Percentage	98.2775563616103
#Duplication Level	Percentage of deduplicated	Percentage of total
1	98.52997956885355	96.83285620386314
2	1.2895584625769745	2.5346930897500024
3	0.12819119883954383	0.37794953307046986
4	0.03217617612554676	0.12648783850718084
5	0.007753174357746387	0.038098151496240615
6	0.0043245267714409385	0.025500235411054763
7	0.003721525598569377	0.02560197092352042
8	0.0032693087734211057	0.02570397417947198
9	0.0	0.0
>10	0.0010260581032092073	0.01310900279889588
>50	0.0	0.0
>100	0.0	0.0
>500	0.0	0.0
>1k	0.0	0.0
>5k	0.0	0.0
>10k+	0.0	0.0
>>END_MODULE
>>Overrepresented sequences	pass
>>END_MODULE
>>Adapter Content	pass
#Position	Illumina Universal Adapter	Illumina Small RNA Adapter	Nextera Transposase Sequence
1	0.0422	0.0	0.0
2	0.0424	0.0	0.0
3	0.0425	0.0	0.0
4	0.0425	0.0	0.0
5	0.0426	0.0	0.0
6	0.0426	0.0	0.0
7	0.0428	0.0	0.0
8	0.0429	0.0	0.0
9	0.0431	0.0	0.0
10-11	0.0435	0.0	0.0
12-13	0.044	0.0	0.0
14-15	0.0453	0.0	0.0
16-17	0.0466	0.0	0.0
18-19	0.0473	0.0	0.0
20-21	0.0482	0.0	0.0
22-23	0.05025	0.0	5.0E-5
24-25	0.0511	0.0	1.0E-4
26-27	0.0525	0.0	1.0E-4
28-29	0.05405	0.0	1.0E-4
30-31	0.0562	0.0	1.0E-4
32-33	0.0591	0.0	1.0E-4
34-35	0.0732	0.0	1.0E-4
36-37	0.08495	0.0	1.5000000000000001E-4
38-39	0.0874	0.0	2.0E-4
40-41	0.0902	0.0	2.0E-4
42-43	0.09309999999999999	0.0	2.5E-4
44-45	0.09725	0.0	3.0E-4
46-47	0.1015	0.0	3.0E-4
48-49	0.10675	0.0	3.0E-4
50-51	0.11180000000000001	0.0	3.0E-4
52-53	0.1175	0.0	3.0E-4
54-55	0.1236	0.0	3.0E-4
56-57	0.12975	0.0	4.0E-4
58-59	0.13605	0.0	4.0E-4
60-61	0.14275	0.0	4.0E-4
62-63	0.1492	0.0	5.0E-4
64-65	0.15645	0.0	6.5E-4
66-67	0.16455	0.0	7.0E-4
68-69	0.17105	0.0	8.0E-4
70-71	0.17885	0.0	8.0E-4
72-73	0.18585000000000002	0.0	8.0E-4
74-75	0.19469999999999998	0.0	8.0E-4
76-77	0.20365	0.0	8.0E-4
78	0.2094	0.0	9.0E-4
>>END_MODULE
>>Kmer Content	fail
#Sequence	Count	PValue	Obs/Exp Max	Max Obs/Exp Position
TACACTC	585	0.0	35.17949	1
ACGACGC	170	0.0	27.17647	16-17
ACACTCT	870	0.0	24.62069	2
ACACGAC	210	0.0	21.0	14-15
CACTCTT	1025	0.0	20.078049	3
CACGACG	220	0.0	20.045454	16-17
CTACACG	220	0.0	20.045454	12-13
TACACGA	210	0.0	20.0	14-15
ACTCTTT	975	0.0	19.815386	4
CGACGCT	215	0.0	19.534883	18-19
TTCCCTA	695	0.0	15.107914	9
TTCCGAT	285	0.0	14.736841	26-27
CCGATTT	105	0.0010184083	14.0	28-29
TCCGATC	220	9.426003E-9	13.363636	26-27
GATCGGA	355	2.0823882E-6	13.014085	2
GACGCTC	325	0.0	12.923078	18-19
AGATCGG	355	2.9748702E-5	11.830986	1
CGCTCTT	375	1.8189894E-12	11.76	20-21
ACGCTCT	345	2.910383E-11	11.565218	20-21
CTCTTTC	1760	0.0	11.215908	5
>>END_MODULE
