##FastQC	0.11.2
>>Basic Statistics	pass
#Measure	Value
Filename	father.1.1_phred33.fastq.gz
File type	Conventional base calls
Encoding	Sanger / Illumina 1.9
Total Sequences	1000000
Sequences flagged as poor quality	0
Sequence length	90
%GC	48
>>END_MODULE
>>Per base sequence quality	pass
#Base	Mean	Median	Lower Quartile	Upper Quartile	10th Percentile	90th Percentile
1	32.576867	34.0	31.0	34.0	31.0	34.0
2	32.805159	34.0	33.0	34.0	31.0	34.0
3	32.881144	34.0	33.0	34.0	31.0	34.0
4	36.189869	37.0	37.0	37.0	35.0	37.0
5	36.175113	37.0	37.0	37.0	35.0	37.0
6	36.1666	37.0	37.0	37.0	35.0	37.0
7	36.169625	37.0	37.0	37.0	35.0	37.0
8	36.151826	37.0	37.0	37.0	35.0	37.0
9	37.92422	39.0	39.0	39.0	37.0	39.0
10-11	37.885979000000006	39.0	39.0	39.0	36.0	39.0
12-13	37.8222825	39.0	38.5	39.0	35.0	39.0
14-15	39.308005	41.0	39.5	41.0	36.5	41.0
16-17	39.21967	41.0	39.0	41.0	36.0	41.0
18-19	39.114148	41.0	39.0	41.0	36.0	41.0
20-21	39.003439	41.0	39.0	41.0	36.0	41.0
22-23	38.833838	40.0	39.0	41.0	36.0	41.0
24-25	38.6847845	40.0	38.5	41.0	35.0	41.0
26-27	38.677709500000006	40.0	38.5	41.0	35.0	41.0
28-29	38.8084595	41.0	39.0	41.0	35.0	41.0
30-31	38.750105500000004	41.0	39.0	41.0	35.0	41.0
32-33	38.6339075	40.0	38.5	41.0	35.0	41.0
34-35	38.4965155	40.0	38.0	41.0	34.5	41.0
36-37	38.370347	40.0	38.0	41.0	34.0	41.0
38-39	38.1982035	40.0	38.0	41.0	34.0	41.0
40-41	38.015229000000005	40.0	38.0	41.0	33.0	41.0
42-43	38.154486500000004	40.0	38.0	41.0	34.0	41.0
44-45	38.171766000000005	40.0	38.0	41.0	34.0	41.0
46-47	38.0516865	40.0	38.0	41.0	33.0	41.0
48-49	37.921729	40.0	38.0	41.0	33.0	41.0
50-51	37.195213	39.5	37.0	40.5	32.0	41.0
52-53	37.2331175	39.5	37.0	40.5	32.5	41.0
54-55	37.500290500000006	40.0	37.0	41.0	33.0	41.0
56-57	37.364318499999996	40.0	36.5	41.0	32.5	41.0
58-59	37.111802	39.5	36.0	41.0	32.0	41.0
60-61	36.855921499999994	39.0	35.5	41.0	31.5	41.0
62-63	36.526317	39.0	35.0	41.0	31.0	41.0
64-65	36.2575875	38.5	35.0	41.0	31.0	41.0
66-67	35.8530715	37.5	35.0	40.0	30.5	41.0
68-69	35.4591395	37.0	35.0	40.0	30.0	41.0
70-71	35.0711115	36.5	34.5	39.0	29.5	41.0
72-73	34.69683	36.0	34.0	39.0	29.0	41.0
74-75	34.260309	35.5	34.0	38.5	29.0	40.0
76-77	33.8495475	35.0	34.0	37.0	29.0	39.5
78-79	33.403993	35.0	34.0	37.0	28.0	39.0
80-81	32.951728	35.0	33.0	36.5	27.0	39.0
82-83	32.541485	35.0	33.0	36.0	26.0	37.0
84-85	32.182822	35.0	33.0	35.5	26.0	37.0
86-87	31.765907499999997	35.0	33.0	35.0	25.0	36.5
88-89	31.287844	35.0	32.0	35.0	24.0	36.0
90	30.858922	35.0	32.0	35.0	20.0	36.0
>>END_MODULE
>>Per tile sequence quality	pass
#Tile	Base	Mean
1102	1	0.05947585134463651
1102	2	0.0568057388916543
1102	3	0.06376094845498415
1102	4	0.035879979117105165
1102	5	0.04157598368437476
1102	6	0.03790069462088752
1102	7	0.035142491036907586
1102	8	0.04657474379340698
1102	9	0.06901893022287453
1102	10-11	0.04819468636472379
1102	12-13	0.06133640742383761
1102	14-15	0.060241110213226534
1102	16-17	0.06842457804808078
1102	18-19	0.06010199422163964
1102	20-21	0.07497673994272702
1102	22-23	0.07629104632884776
1102	24-25	0.06841550720888279
1102	26-27	0.06382969219631462
1102	28-29	0.06433851590735884
1102	30-31	0.04928860963466519
1102	32-33	0.046539489223995645
1102	34-35	0.01795648958509588
1102	36-37	0.016619719723998116
1102	38-39	-0.008295059113955006
1102	40-41	-0.023673433048585935
1102	42-43	-0.02476625635720353
1102	44-45	-0.006316392260579562
1102	46-47	-0.0019742451705866415
1102	48-49	0.00906360694780517
1102	50-51	-0.0475216165896839
1102	52-53	-0.0352214492536973
1102	54-55	-0.02364689809910203
1102	56-57	-0.0073632998672295
1102	58-59	0.019979042266939473
1102	60-61	0.018583469160631694
1102	62-63	0.037759055795199004
1102	64-65	0.02210523415450183
1102	66-67	-0.023581182082210717
1102	68-69	-0.002836490703039374
1102	70-71	0.024220543704061015
1102	72-73	0.011255625454992924
1102	74-75	0.05367163282437559
1102	76-77	0.016886562659038873
1102	78-79	0.010454281182219916
1102	80-81	0.010186238804053005
1102	82-83	-0.004770101401440741
1102	84-85	-0.025726678088908272
1102	86-87	-0.03730918253007687
1102	88-89	-0.024854291479151414
1102	90	-0.020769695481739348
1103	1	-0.059475851344629405
1103	2	-0.056805738891661406
1103	3	-0.06376094845498415
1103	4	-0.035879979117105165
1103	5	-0.04157598368437476
1103	6	-0.03790069462088752
1103	7	-0.03514249103690048
1103	8	-0.04657474379340698
1103	9	-0.06901893022286743
1103	10-11	-0.04819468636471669
1103	12-13	-0.06133640742383761
1103	14-15	-0.060241110213226534
1103	16-17	-0.06842457804808078
1103	18-19	-0.06010199422164675
1103	20-21	-0.07497673994273413
1103	22-23	-0.07629104632884776
1103	24-25	-0.06841550720888989
1103	26-27	-0.06382969219631462
1103	28-29	-0.06433851590735884
1103	30-31	-0.04928860963465809
1103	32-33	-0.046539489223995645
1103	34-35	-0.01795648958509588
1103	36-37	-0.016619719723998116
1103	38-39	0.008295059113955006
1103	40-41	0.02367343304859304
1103	42-43	0.02476625635720353
1103	44-45	0.006316392260586667
1103	46-47	0.0019742451705866415
1103	48-49	-0.009063606947798064
1103	50-51	0.047521616589676796
1103	52-53	0.035221449253690196
1103	54-55	0.02364689809910203
1103	56-57	0.007363299867236606
1103	58-59	-0.019979042266932368
1103	60-61	-0.01858346916062459
1103	62-63	-0.037759055795199004
1103	64-65	-0.02210523415450183
1103	66-67	0.023581182082210717
1103	68-69	0.002836490703046479
1103	70-71	-0.024220543704061015
1103	72-73	-0.011255625454985818
1103	74-75	-0.0536716328243827
1103	76-77	-0.016886562659038873
1103	78-79	-0.01045428118221281
1103	80-81	-0.010186238804053005
1103	82-83	0.004770101401433635
1103	84-85	0.025726678088915378
1103	86-87	0.037309182530073315
1103	88-89	0.024854291479151414
1103	90	0.020769695481739348
>>END_MODULE
>>Per sequence quality scores	pass
#Quality	Count
2	3805.0
3	596.0
4	508.0
5	545.0
6	591.0
7	686.0
8	720.0
9	806.0
10	963.0
11	966.0
12	1129.0
13	1227.0
14	1225.0
15	1184.0
16	1357.0
17	1383.0
18	1439.0
19	1584.0
20	1912.0
21	2064.0
22	2435.0
23	2758.0
24	3308.0
25	3870.0
26	4766.0
27	5819.0
28	7091.0
29	8968.0
30	11426.0
31	14253.0
32	19043.0
33	25776.0
34	37358.0
35	56716.0
36	95965.0
37	174826.0
38	277591.0
39	214699.0
40	8642.0
>>END_MODULE
>>Per base sequence content	pass
#Base	G	A	T	C
1	20.7415706627411	27.566231404211276	27.366871486206083	24.32532644684154
2	23.64999664992965	28.008988188751964	25.712139954939055	22.628875206379334
3	24.16079328634629	26.340310722485782	26.037108296866375	23.461787694301556
4	23.937874508988216	25.331207948990773	26.3274318583646	24.40348568365641
5	23.848463150820827	25.71112275592819	26.8059577906493	23.634456302601684
6	24.14872414872415	25.66922566922567	25.743325743325745	24.43872443872444
7	24.214908513078775	25.82294228178792	26.24385112087354	23.71829808425977
8	23.66799938397659	25.914084735219937	26.4644056474146	23.95351023338887
9	23.550617753088765	25.688628443142214	26.58083290416452	24.179920899604497
10-11	23.60785	25.83105	26.530749999999998	24.03035
12-13	23.49479368492106	25.82357279465993	26.571432142901784	24.110201377517217
14-15	23.488617443087215	25.764428822144108	26.601733008665047	24.14522072610363
16-17	23.62595	25.708150000000003	26.543	24.1229
18-19	23.57575	25.627299999999998	26.539800000000003	24.25715
20-21	23.660583478087823	25.64354494989345	26.463970383081875	24.23190118893686
22-23	23.63189614696313	25.710296949402046	26.418431293917756	24.23937560971707
24-25	23.714036704449825	25.593460941707196	26.36769152381519	24.324810830027786
26-27	23.819221864983923	25.703356651049297	26.169027606242278	24.308393877724495
28-29	23.79613031619002	25.78587482905438	26.17074311029774	24.247251744457863
30-31	23.8396972597164	25.726873700537933	26.12260021421435	24.31082882553131
32-33	23.95845	25.695899999999998	26.1418	24.20385
34-35	23.896691173529387	25.738655909247278	26.087058696469573	24.277594220753766
36-37	23.945897971173917	25.725564708676572	26.042976611622937	24.285560708526567
38-39	23.9101	25.742549999999998	26.038050000000002	24.3093
40-41	23.9295	25.829449999999998	26.032850000000003	24.208199999999998
42-43	23.987081283011207	25.749529098864986	26.002243124493408	24.2611464936304
44-45	23.999321997965993	25.789277367832103	25.953077859233574	24.258322774968324
46-47	23.98099184793478	25.83720669765358	25.94550756406051	24.236293890351124
48-49	24.002292018336146	25.814956519652156	25.94235753886031	24.240393923151384
50-51	23.99245	25.85155	25.92995	24.22605
52-53	24.11595	25.8571	25.89365	24.1333
54-55	24.070846283385134	25.87555350221401	25.90405361621447	24.14954659818639
56-57	24.101568710980978	25.93828156797098	25.86223103561725	24.0979186854308
58-59	24.084411266168992	25.97363960459407	25.84438766581499	24.09756146342195
60-61	24.14005	25.920149999999996	25.741750000000003	24.19805
62-63	24.22955	25.9886	25.7388	24.04305
64-65	24.2181	26.0735	25.70805	24.00035
66-67	24.28575	26.059749999999998	25.668800000000005	23.985699999999998
68-69	24.29305	26.010499999999997	25.693749999999998	24.002699999999997
70-71	24.3616	26.12035	25.657000000000004	23.86105
72-73	24.45111237558464	26.125000875020127	25.54483753126322	23.879049218132018
74-75	24.51505	26.1789	25.494699999999998	23.81135
76-77	24.56645	26.22795	25.41795	23.78765
78-79	24.7264	26.2438	25.35475	23.67505
80-81	24.864748917991346	26.26791014328115	25.313652509220073	23.553688429507435
82-83	24.94118717652947	26.39774518759853	25.199938599662296	23.461129036209698
84-85	25.04802687304805	26.383178943978812	25.150380864853727	23.41841331811941
86-87	25.26028671290208	26.447290128055762	25.04707711847033	23.245346040571828
88-89	25.38225259897766	26.47959594403979	24.961285970795846	23.176865486186703
90	25.506212149091578	26.504736113666727	24.77659463827132	23.212457098970376
>>END_MODULE
>>Per sequence GC content	warn
#GC Content	Count
0	1.0
1	0.5
2	3.5
3	8.0
4	10.0
5	11.5
6	14.5
7	17.5
8	22.5
9	27.5
10	28.0
11	30.5
12	37.0
13	45.5
14	46.5
15	61.5
16	83.5
17	119.5
18	196.0
19	291.0
20	342.0
21	456.5
22	712.0
23	1078.5
24	1615.0
25	2341.5
26	3319.0
27	4467.5
28	5929.0
29	7766.5
30	8729.0
31	9865.5
32	12348.0
33	15276.5
34	18653.0
35	22232.0
36	25895.0
37	29471.0
38	32787.0
39	35456.0
40	36507.0
41	37234.0
42	38418.0
43	39059.0
44	39155.5
45	39305.0
46	39255.5
47	38669.5
48	38176.5
49	37728.0
50	37473.0
51	36902.0
52	35674.0
53	34676.0
54	33793.5
55	32619.5
56	31462.0
57	29937.5
58	28022.0
59	25936.5
60	24767.0
61	23514.5
62	20874.5
63	18138.5
64	15320.0
65	12677.0
66	10310.0
67	8133.5
68	6413.0
69	4914.5
70	4154.0
71	3585.0
72	2582.5
73	1859.0
74	1346.0
75	953.5
76	709.0
77	521.0
78	363.0
79	268.0
80	218.0
81	187.0
82	133.5
83	95.5
84	70.0
85	56.5
86	46.0
87	35.0
88	32.0
89	29.5
90	26.0
91	26.5
92	25.0
93	16.0
94	8.5
95	11.0
96	10.5
97	5.0
98	3.5
99	4.0
100	4.0
>>END_MODULE
>>Per base N content	pass
#Base	N-Count
1	0.4815
2	0.0021
3	7.999999999999999E-4
4	0.0024000000000000002
5	0.0031999999999999997
6	9.999999999999999E-5
7	0.0021
8	0.0038000000000000004
9	5.0E-4
10-11	0.0
12-13	0.00125
14-15	5.0E-4
16-17	0.0
18-19	0.0
20-21	0.0031000000000000003
22-23	0.00485
24-25	0.0039499999999999995
26-27	0.0045000000000000005
28-29	0.00475
30-31	0.0067
32-33	0.0
34-35	7.999999999999999E-4
36-37	0.00375
38-39	0.0
40-41	0.0
42-43	0.00555
44-45	3.0000000000000003E-4
46-47	7.999999999999999E-4
48-49	7.999999999999999E-4
50-51	0.0
52-53	0.0
54-55	3.9999999999999996E-4
56-57	7.0E-4
58-59	0.0015
60-61	0.0
62-63	0.0
64-65	0.0
66-67	0.0
68-69	0.0
70-71	0.0
72-73	0.0023
74-75	0.0
76-77	0.0
78-79	0.0
80-81	7.999999999999999E-4
82-83	5.5E-4
84-85	0.0039
86-87	0.0045000000000000005
88-89	0.0039499999999999995
90	0.0024000000000000002
>>END_MODULE
>>Sequence Length Distribution	pass
#Length	Count
90	1000000.0
>>END_MODULE
>>Sequence Duplication Levels	pass
#Total Deduplicated Percentage	98.87208794602078
#Duplication Level	Percentage of deduplicated	Percentage of total
1	99.01866705829929	97.90182357685919
2	0.8694010973978042	1.7191900352456535
3	0.08495260155947269	0.2519832327789434
4	0.01599241131610261	0.06324812392458541
5	0.005138041309718466	0.02540044361223859
6	0.00214940214841758	0.012750952694982536
7	0.00369938796917389	0.02560363488442284
8	0.0	0.0
9	0.0	0.0
>10	0.0	0.0
>50	0.0	0.0
>100	0.0	0.0
>500	0.0	0.0
>1k	0.0	0.0
>5k	0.0	0.0
>10k+	0.0	0.0
>>END_MODULE
>>Overrepresented sequences	pass
>>END_MODULE
>>Adapter Content	pass
#Position	Illumina Universal Adapter	Illumina Small RNA Adapter	Nextera Transposase Sequence
1	0.0	0.0	0.0
2	0.0	0.0	0.0
3	0.0	0.0	0.0
4	0.0	0.0	1.0E-4
5	0.0	0.0	1.0E-4
6	0.0	0.0	1.0E-4
7	0.0	0.0	1.0E-4
8	0.0	0.0	1.0E-4
9	0.0	0.0	1.0E-4
10-11	0.0	0.0	1.0E-4
12-13	0.0	0.0	1.0E-4
14-15	0.0	0.0	1.0E-4
16-17	0.0	0.0	1.0E-4
18-19	0.0	0.0	2.0E-4
20-21	0.0	0.0	3.0E-4
22-23	5.0E-5	0.0	4.0E-4
24-25	1.0E-4	0.0	4.0E-4
26-27	1.0E-4	0.0	4.0E-4
28-29	3.0000000000000003E-4	0.0	4.0E-4
30-31	5.0E-4	0.0	4.5E-4
32-33	0.0011	0.0	5.0E-4
34-35	0.002	0.0	6.0E-4
36-37	0.0032	0.0	6.0E-4
38-39	0.00575	0.0	6.0E-4
40-41	0.009649999999999999	0.0	6.0E-4
42-43	0.01735	0.0	6.0E-4
44-45	0.028900000000000002	0.0	7.0E-4
46-47	0.04305	0.0	7.0E-4
48-49	0.06559999999999999	0.0	7.0E-4
50-51	0.0953	0.0	7.0E-4
52-53	0.13829999999999998	0.0	8.0E-4
54-55	0.1951	0.0	8.0E-4
56-57	0.2643	0.0	8.0E-4
58-59	0.35250000000000004	0.0	8.0E-4
60-61	0.4626	0.0	8.0E-4
62-63	0.60145	0.0	9.0E-4
64-65	0.77185	0.0	9.0E-4
66-67	0.9722999999999999	5.0E-5	9.0E-4
68-69	1.2177	1.0E-4	9.0E-4
70-71	1.49335	1.0E-4	9.0E-4
72-73	1.8320500000000002	1.0E-4	9.0E-4
74-75	2.2131	2.0E-4	9.0E-4
76-77	2.637	2.0E-4	9.0E-4
78	2.9897	2.0E-4	9.0E-4
>>END_MODULE
>>Kmer Content	fail
#Sequence	Count	PValue	Obs/Exp Max	Max Obs/Exp Position
TCGTGTA	1375	0.0	10.384793	84
CGTGTAG	1255	0.0	9.704561	84
AGCGTCG	2035	0.0	9.286878	84
GTGTAGG	1420	0.0	8.872674	84
GTCGTGT	1535	0.0	8.755142	82-83
AAGAGCG	2945	0.0	8.556332	84
CGTCGTG	1650	0.0	8.399466	82-83
AGAGCGT	2575	0.0	7.6655307	84
GCGTCGT	1765	0.0	7.614246	80-81
GAGCGTC	2315	0.0	7.2565575	84
TAGATCG	1395	0.0	7.2253466	84
TCGGAAG	4035	0.0	7.077616	84
ATCGGAA	4330	0.0	6.9833894	84
CGGAAGA	3775	0.0	6.897574	84
CTAGATC	680	1.1165139E-7	6.484881	78-79
TGTAGAT	725	0.004896511	6.3720083	84
GATCGGA	4615	0.0	6.2791233	82-83
AAGATCG	1825	0.0	6.213303	82-83
GTAGGGA	1225	7.0940587E-10	6.1710353	84
GTAGATC	695	1.1296597E-6	6.0427804	82-83
>>END_MODULE
