##FastQC	0.10.1
>>Basic Statistics	pass
#Measure	Value	
Filename	father.2_phred33.fastq	
File type	Conventional base calls	
Encoding	Sanger / Illumina 1.9	
Total Sequences	40546952	
Filtered Sequences	0	
Sequence length	90	
%GC	48	
>>END_MODULE
>>Per base sequence quality	pass
#Base	Mean	Median	Lower Quartile	Upper Quartile	10th Percentile	90th Percentile
1	32.3571251915557	34.0	31.0	34.0	31.0	34.0
2	32.56038372502081	34.0	31.0	34.0	31.0	34.0
3	32.63308304900452	34.0	31.0	34.0	31.0	34.0
4	35.999936986632186	37.0	37.0	37.0	35.0	37.0
5	35.994014445278154	37.0	37.0	37.0	35.0	37.0
6	35.99523510423175	37.0	37.0	37.0	35.0	37.0
7	35.98758291375391	37.0	37.0	37.0	35.0	37.0
8	35.99019038471745	37.0	37.0	37.0	35.0	37.0
9	37.71105941576077	39.0	38.0	39.0	35.0	39.0
10-14	37.8872246328158	39.4	38.2	39.4	35.2	39.4
15-19	38.80862787910667	40.6	38.8	41.0	35.4	41.0
20-24	38.461494254857925	40.0	38.0	41.0	34.2	41.0
25-29	38.257448757184015	40.0	38.0	41.0	34.0	41.0
30-34	38.17297646935335	40.0	38.0	41.0	33.8	41.0
35-39	37.761151462137036	40.0	38.0	41.0	33.0	41.0
40-44	37.46769853872124	40.0	38.0	41.0	32.0	41.0
45-49	37.2272580044981	40.0	37.2	41.0	31.4	41.0
50-54	36.459003749529685	39.0	36.0	40.4	30.6	41.0
55-59	36.34148682741923	39.0	35.4	41.0	30.0	41.0
60-64	35.57633795013741	38.4	35.0	40.4	28.4	41.0
65-69	34.697584834490144	36.8	34.0	39.8	27.4	41.0
70-74	33.66236104257602	35.6	33.4	38.8	26.0	40.6
75-79	32.56337699563706	35.0	32.8	37.0	24.6	39.2
80-84	31.44162955084762	35.0	31.8	35.8	21.4	37.6
85-89	30.274749633461965	34.2	31.0	35.0	9.2	36.4
90	29.271313439293785	34.0	31.0	35.0	2.0	36.0
>>END_MODULE
>>Per sequence quality scores	pass
#Quality	Count
2	150383.0
3	23556.0
4	25957.0
5	30768.0
6	38283.0
7	44072.0
8	50493.0
9	58532.0
10	65737.0
11	71642.0
12	78071.0
13	84085.0
14	86400.0
15	90915.0
16	94420.0
17	100499.0
18	106409.0
19	113739.0
20	126217.0
21	136600.0
22	150503.0
23	171906.0
24	196622.0
25	227475.0
26	267938.0
27	320483.0
28	386874.0
29	474902.0
30	593200.0
31	749519.0
32	968152.0
33	1288425.0
34	1797580.0
35	2635149.0
36	4213589.0
37	7098232.0
38	1.0318043E7
39	6903017.0
40	208565.0
>>END_MODULE
>>Per base sequence content	pass
#Base	G	A	T	C
1	20.650965988246597	27.626869728794023	27.429676657843288	24.292487625116088
2	23.645211607735956	27.979050899555354	25.73458235714778	22.64115513556092
3	24.031293621895973	26.380385659665418	26.074665472565815	23.5136552458728
4	23.951440369799325	25.295507644160985	26.332524248005456	24.42052773803423
5	23.798312967803277	25.70506762644511	26.857648718186518	23.6389706875651
6	24.129145275199903	25.61631069116517	25.833021748540432	24.4215222850945
7	24.174768252517033	25.736369013611938	26.322816929299876	23.766045804571153
8	23.641687950652315	25.9750128397052	26.453233737197696	23.930065472444788
9	23.58395711602379	25.70083595032609	26.629803938225383	24.085402995424744
10-14	23.491468740771435	25.85977198158982	26.59135570190301	24.05740357573574
15-19	23.49958493458495	25.716813366559222	26.58722900714738	24.196372691708454
20-24	23.642671801328188	25.665169930749492	26.412068505402026	24.280089762520294
25-29	23.736720053492142	25.73759552456198	26.24937993549726	24.27630448644862
30-34	23.848801108371433	25.751506188472277	26.132028359068126	24.267664344088164
35-39	23.905680397741623	25.77267488614664	26.06084893291682	24.260795783194915
40-44	23.952581745591385	25.806751639207054	26.016333729556095	24.22433288564547
45-49	24.003101967625103	25.837424627283216	25.938347895196184	24.2211255098955
50-54	24.04117648457505	25.88034958813521	25.90933357769983	24.16914034958991
55-59	24.10090324577207	25.947160444942035	25.848062502884485	24.10387380640141
60-64	24.174499624548083	25.98731738000295	25.768097703105713	24.070085292343258
65-69	24.28506364212571	26.06559506644236	25.678459911141537	23.970881380290393
70-74	24.44811202541637	26.15574285657905	25.55537335227721	23.840771765727368
75-79	24.664817887384256	26.24716006337226	25.399702891917542	23.688319157325942
80-84	24.955636282690257	26.358666439657576	25.21080690237229	23.474890375279873
85-89	25.2917091098185	26.466430239107392	25.001856715734643	23.240003935339466
90	25.582369832090173	26.46940491516056	24.822873313673956	23.125351939075312
>>END_MODULE
>>Per base GC content	pass
#Base	%GC
1	44.943453613362685
2	46.286366743296874
3	47.544948867768774
4	48.37196810783356
5	47.437283655368375
6	48.5506675602944
7	47.94081405708819
8	47.5717534230971
9	47.66936011144853
10-14	47.54887231650717
15-19	47.695957626293406
20-24	47.92276156384848
25-29	48.013024539940766
30-34	48.11646545245959
35-39	48.16647618093654
40-44	48.17691463123685
45-49	48.2242274775206
50-54	48.21031683416496
55-59	48.20477705217348
60-64	48.244584916891334
65-69	48.2559450224161
70-74	48.28888379114374
75-79	48.353137044710195
80-84	48.430526657970134
85-89	48.53171304515796
90	48.70772177116549
>>END_MODULE
>>Per sequence GC content	warn
#GC Content	Count
0	135.0
1	194.5
2	288.0
3	380.0
4	511.0
5	670.5
6	868.0
7	1073.5
8	1292.5
9	1539.0
10	1661.0
11	1800.5
12	2148.5
13	2542.5
14	3047.5
15	3805.0
16	4980.0
17	6754.5
18	9661.0
19	14359.0
20	17188.0
21	21578.5
22	32132.5
23	47112.5
24	68547.5
25	97683.5
26	135915.5
27	183915.0
28	243045.5
29	315231.5
30	354572.0
31	401023.0
32	503826.0
33	625069.0
34	760131.5
35	905050.0
36	1053413.5
37	1199792.5
38	1330969.0
39	1435715.0
40	1482047.0
41	1514054.5
42	1562701.0
43	1585683.5
44	1594179.0
45	1597708.0
46	1589266.0
47	1568545.5
48	1546482.0
49	1518442.0
50	1501564.0
51	1482119.0
52	1440820.0
53	1398592.0
54	1360363.5
55	1319725.5
56	1271168.5
57	1208684.5
58	1129244.0
59	1038199.0
60	989884.0
61	939006.0
62	833183.5
63	723128.0
64	614819.5
65	512470.5
66	419201.0
67	335250.0
68	261381.0
69	198647.5
70	169950.0
71	147520.0
72	108572.5
73	79820.0
74	58437.5
75	42621.0
76	31493.5
77	23719.5
78	17780.5
79	13204.0
80	11251.0
81	9873.0
82	7474.5
83	5713.0
84	4469.5
85	3575.5
86	2826.5
87	2286.0
88	1859.5
89	1524.5
90	1433.0
91	1252.0
92	983.0
93	778.5
94	595.0
95	479.0
96	350.0
97	241.0
98	166.5
99	99.0
100	77.0
>>END_MODULE
>>Per base N content	pass
#Base	N-Count
1	0.31614953449521926
2	0.08972807623122941
3	0.057451914018099313
4	0.060793718847226785
5	0.06258916823143698
6	0.023589935934025325
7	0.018400889911527753
8	0.016501856908997747
9	0.012797509415750905
10-14	0.015743230218636408
15-19	0.015077335529437578
20-24	0.00957803190730588
25-29	0.005869245116131047
30-34	0.016295182927683442
35-39	0.015740763942009746
40-44	0.010531494451173542
45-49	0.013462417594299074
50-54	0.011268911162545584
55-59	0.005960497351317554
60-64	0.019909757951719773
65-69	0.020198312317039266
70-74	0.015172533807226744
75-79	0.006534153294679215
80-84	0.02020867067887125
85-89	0.01881374461883103
90	0.013537392403749609
>>END_MODULE
>>Sequence Length Distribution	pass
#Length	Count
90	4.0546952E7
>>END_MODULE
>>Sequence Duplication Levels	warn
#Total Duplicate Percentage	29.707763877600883
#Duplication Level	Relative count
1	100.0
2	25.858302122347066
3	7.747418000226989
4	2.6692486664396777
5	1.2200658268073998
6	0.6788389513108615
7	0.4873169901259789
8	0.38446260356372713
9	0.30288843491090683
10++	2.519577800476677
>>END_MODULE
>>Overrepresented sequences	pass
>>END_MODULE
>>Kmer Content	warn
#Sequence	Count	Obs/Exp Overall	Obs/Exp Max	Max Obs/Exp Position
GGAAG	8347820	2.5389779	5.140507	85-86
>>END_MODULE
