##FastQC	0.11.2
>>Basic Statistics	pass
#Measure	Value
Filename	mother.1.1_phred33.fastq.gz
File type	Conventional base calls
Encoding	Sanger / Illumina 1.9
Total Sequences	1000000
Sequences flagged as poor quality	0
Sequence length	90
%GC	48
>>END_MODULE
>>Per base sequence quality	warn
#Base	Mean	Median	Lower Quartile	Upper Quartile	10th Percentile	90th Percentile
1	37.262467	39.0	38.0	39.0	35.0	39.0
2	36.983269	39.0	37.0	39.0	33.0	39.0
3	36.98219	39.0	37.0	39.0	33.0	39.0
4	36.921993	39.0	37.0	39.0	33.0	39.0
5	36.897444	39.0	37.0	39.0	33.0	39.0
6	36.901102	39.0	37.0	39.0	33.0	39.0
7	36.87077	39.0	37.0	39.0	33.0	39.0
8	36.762746	39.0	37.0	39.0	33.0	39.0
9	36.729409	39.0	37.0	39.0	33.0	39.0
10-11	36.6742285	39.0	37.0	39.0	33.0	39.0
12-13	36.562427	39.0	36.5	39.0	32.5	39.0
14-15	36.456244	39.0	36.0	39.0	32.0	39.0
16-17	36.307717499999995	39.0	36.0	39.0	31.5	39.0
18-19	36.171803	39.0	36.0	39.0	31.0	39.0
20-21	36.071879499999994	39.0	36.0	39.0	31.0	39.0
22-23	35.9201525	38.0	36.0	39.0	31.0	39.0
24-25	35.7436665	38.0	36.0	39.0	30.0	39.0
26-27	35.5118715	38.0	35.5	39.0	29.5	39.0
28-29	35.2847615	38.0	35.0	39.0	29.0	39.0
30-31	35.259924999999996	38.0	35.0	39.0	29.0	39.0
32-33	35.111452	38.0	35.0	39.0	28.5	39.0
34-35	35.04095	37.0	35.0	39.0	28.0	39.0
36-37	35.0787555	37.5	35.0	39.0	28.5	39.0
38-39	34.8257745	37.0	35.0	39.0	28.0	39.0
40-41	34.6324755	37.0	34.0	39.0	27.0	39.0
42-43	34.3859035	37.0	34.0	39.0	26.5	39.0
44-45	34.116755	37.0	33.5	39.0	26.0	39.0
46-47	33.6149475	37.0	33.0	39.0	24.5	39.0
48-49	33.26938	36.0	33.0	38.5	24.0	39.0
50-51	33.529793	36.5	33.0	38.5	24.0	39.0
52-53	33.873815	37.0	34.0	39.0	24.5	39.0
54-55	33.6751905	37.0	33.0	39.0	24.0	39.0
56-57	34.172668	38.0	35.0	39.0	25.0	39.0
58-59	33.892475000000005	38.0	34.0	39.0	23.5	39.0
60-61	33.60762	37.5	34.0	39.0	22.5	39.0
62-63	33.282846000000006	37.0	33.0	39.0	21.0	39.0
64-65	33.033584	37.0	33.0	39.0	20.5	39.0
66-67	32.5752035	37.0	32.5	39.0	16.5	39.0
68-69	32.2695865	37.0	32.0	39.0	14.0	39.0
70-71	31.7649245	36.0	31.0	39.0	9.5	39.0
72-73	31.410657999999998	36.0	31.0	39.0	2.0	39.0
74-75	30.9370905	36.0	30.0	38.5	2.0	39.0
76-77	30.3513555	36.0	29.0	38.0	2.0	39.0
78-79	29.863226	35.5	28.0	38.0	2.0	39.0
80-81	29.257699000000002	35.0	27.5	38.0	2.0	39.0
82-83	28.5467945	35.0	25.5	37.5	2.0	39.0
84-85	27.890788	34.5	24.0	37.0	2.0	39.0
86-87	26.9009855	34.0	20.5	37.0	2.0	39.0
88-89	26.144554	33.0	16.0	37.0	2.0	39.0
90	25.67308	33.0	6.0	37.0	2.0	39.0
>>END_MODULE
>>Per tile sequence quality	pass
#Tile	Base	Mean
1101	1	-0.4088049773487654
1101	2	-0.44975352608219055
1101	3	-0.542184252391678
1101	4	-0.4914402059843681
1101	5	-0.47187238800374587
1101	6	-0.5804320027911061
1101	7	-0.5870906834976424
1101	8	-0.6810508337899037
1101	9	-0.5009148685896179
1101	10-11	-0.5954968010317501
1101	12-13	-0.6796016591476217
1101	14-15	-0.6453184133936318
1101	16-17	-0.6321352956015858
1101	18-19	-0.6563722640516403
1101	20-21	-0.634229769636022
1101	22-23	-0.6871393874864964
1101	24-25	-0.6874795037066619
1101	26-27	-0.7319884126241831
1101	28-29	-0.6437228560607267
1101	30-31	-0.6089235987092962
1101	32-33	-0.6953804738871696
1101	34-35	-0.6486170203322672
1101	36-37	-0.6651059271301776
1101	38-39	-0.5511326471675417
1101	40-41	-0.6114345079836596
1101	42-43	-0.6630848567160044
1101	44-45	-0.6888918671672357
1101	46-47	-0.7043528233916518
1101	48-49	-0.6568817980289232
1101	50-51	-0.7482053616903883
1101	52-53	-0.72823752831966
1101	54-55	-0.739277634615469
1101	56-57	-0.8103021383612017
1101	58-59	-0.7312524994640626
1101	60-61	-0.7064841497691461
1101	62-63	-0.7103622908498366
1101	64-65	-0.6918193386936871
1101	66-67	-0.7804057785433578
1101	68-69	-0.77037154034576
1101	70-71	-0.7545174273878885
1101	72-73	-0.7125564506133841
1101	74-75	-0.7499768073443498
1101	76-77	-0.7544466345731422
1101	78-79	-0.7542747224383284
1101	80-81	-0.7399567121859896
1101	82-83	-0.7095099792772146
1101	84-85	-0.6638428147181763
1101	86-87	-0.6926083029514345
1101	88-89	-0.5977599566231824
1101	90	-0.7971574452757189
1102	1	0.4088049773487725
1102	2	0.44975352608219055
1102	3	0.542184252391678
1102	4	0.4914402059843681
1102	5	0.47187238800374587
1102	6	0.5804320027911061
1102	7	0.5870906834976424
1102	8	0.6810508337899108
1102	9	0.5009148685896179
1102	10-11	0.5954968010317501
1102	12-13	0.6796016591476146
1102	14-15	0.6453184133936318
1102	16-17	0.6321352956015858
1102	18-19	0.6563722640516403
1102	20-21	0.634229769636022
1102	22-23	0.6871393874864893
1102	24-25	0.6874795037066619
1102	26-27	0.731988412624176
1102	28-29	0.6437228560607267
1102	30-31	0.6089235987092962
1102	32-33	0.6953804738871696
1102	34-35	0.6486170203322601
1102	36-37	0.6651059271301847
1102	38-39	0.5511326471675417
1102	40-41	0.6114345079836596
1102	42-43	0.6630848567160044
1102	44-45	0.6888918671672428
1102	46-47	0.7043528233916518
1102	48-49	0.6568817980289197
1102	50-51	0.7482053616903883
1102	52-53	0.7282375283196529
1102	54-55	0.7392776346154761
1102	56-57	0.8103021383612017
1102	58-59	0.7312524994640697
1102	60-61	0.7064841497691461
1102	62-63	0.7103622908498437
1102	64-65	0.6918193386936906
1102	66-67	0.7804057785433614
1102	68-69	0.7703715403457565
1102	70-71	0.7545174273878921
1102	72-73	0.7125564506133841
1102	74-75	0.7499768073443462
1102	76-77	0.7544466345731387
1102	78-79	0.7542747224383284
1102	80-81	0.7399567121859896
1102	82-83	0.7095099792772146
1102	84-85	0.6638428147181727
1102	86-87	0.6926083029514345
1102	88-89	0.5977599566231824
1102	90	0.7971574452757153
>>END_MODULE
>>Per sequence quality scores	pass
#Quality	Count
2	8782.0
3	1056.0
4	1124.0
5	1489.0
6	1544.0
7	1720.0
8	1863.0
9	2114.0
10	2322.0
11	2630.0
12	2909.0
13	3145.0
14	3338.0
15	3759.0
16	3881.0
17	4393.0
18	4892.0
19	5525.0
20	6323.0
21	7437.0
22	8361.0
23	9745.0
24	11158.0
25	12818.0
26	14395.0
27	16901.0
28	19322.0
29	21994.0
30	26008.0
31	31065.0
32	37449.0
33	46274.0
34	60263.0
35	82698.0
36	119729.0
37	190902.0
38	220666.0
39	6.0
>>END_MODULE
>>Per base sequence content	pass
#Base	G	A	T	C
1	21.8578	28.0202	26.340799999999998	23.7812
2	23.608642998788973	28.236249433736976	26.399207181765185	21.75590038570887
3	23.536482437789253	26.426917123005477	26.61821941863302	23.418381020572244
4	23.920371761115284	26.018878056634172	26.140578421735267	23.92017176051528
5	24.028688344260132	25.763409160909934	26.3097157165886	23.89818677824134
6	24.384700000000002	25.354599999999998	25.619500000000002	24.641199999999998
7	24.287710041910877	25.54823651296677	25.90524401012421	24.258809434998135
8	23.538741232447393	25.722554335326013	26.457858747152486	24.28084568507411
9	23.677394709578838	25.524602098408394	26.48680594722379	24.31119724478898
10-11	23.673780205791132	25.833642085031467	26.285894572420148	24.206683136757253
12-13	23.552479538637463	25.792541858980222	26.268694477819626	24.386284124562685
14-15	23.547279510037306	25.892942411183263	26.368545026997648	24.191233051781786
16-17	23.6393	25.778450000000003	26.29615	24.286099999999998
18-19	23.6987	25.680999999999997	26.2371	24.3832
20-21	23.663249999999998	25.610149999999997	26.26975	24.45685
22-23	23.7876	25.6674	26.137	24.407999999999998
24-25	23.81825718215732	25.580115110517998	26.10326746470359	24.498360242621093
26-27	23.886776320230407	25.568430974006656	26.096298129689217	24.448494576073724
28-29	23.977978733777192	25.532968145668377	26.023596356790517	24.465456763763914
30-31	23.97749506604524	25.572161244691653	25.933676247564275	24.516667441698832
32-33	24.050720891090794	25.49020294156767	26.004582261188887	24.45449390615265
34-35	23.979993129701143	25.57646257612206	25.97582994860276	24.46771434557403
36-37	24.077428826152154	25.560682964928223	25.906395583438798	24.45549262548083
38-39	24.108297357218074	25.522291191026923	25.84820129424012	24.521210157514883
40-41	24.148222593895394	25.581297672709276	25.779551142144985	24.490928591250345
42-43	24.18866769800928	25.57213014917134	25.756281806536258	24.482920346283116
44-45	24.22859205768953	25.532626614605284	25.773983010549777	24.464798317155402
46-47	24.236869658087606	25.546778827451792	25.693779856458992	24.522571658001606
48-49	24.23523917479483	25.472126899870446	25.679333219663196	24.613300705671524
50-51	24.25652276956831	25.5110765332296	25.678427035281103	24.553973661920985
52-53	24.355764047988814	25.499133485269248	25.682486602272235	24.462615864469697
54-55	24.339409806425547	25.450685365763416	25.635589618561227	24.574315209249814
56-57	24.41688950401107	25.376906784322117	25.69346248232468	24.512741229342126
58-59	24.41835463166127	25.476587173799558	25.578595130420172	24.526463064119
60-61	24.45618177427025	25.43493707394468	25.490440209871856	24.61844094191322
62-63	24.513364384808277	25.454509089181737	25.475610091479346	24.55651643453064
64-65	24.52653290830677	25.43573973373336	25.524595287205447	24.513132070754423
66-67	24.526142361050347	25.443131333081652	25.462682163991968	24.56804414187603
68-69	24.518231425926974	25.48714392078289	25.44374112130232	24.550883531987814
70-71	24.661909785940367	25.4562455310489	25.37344180488122	24.508402878129516
72-73	24.692363002157084	25.399940597683308	25.30368684378691	24.6040095563727
74-75	24.740493252824574	25.443111520899542	25.22335580725099	24.593039419024894
76-77	24.814216268164603	25.35469167050851	25.28418835685277	24.54690370447411
78-79	24.814908705628465	25.328369231569248	25.202916659791523	24.65380540301076
80-81	24.853497948971285	25.33055462776479	25.195752740538367	24.620194682725558
82-83	24.908007302412585	25.36488311589605	25.13727025576945	24.589839325921915
84-85	24.90684496962836	25.370520008080437	25.042052270822623	24.68058275146858
86-87	25.007025526914518	25.331849888741655	25.00672550441283	24.654399079930993
88-89	25.066970302040186	25.37280593189106	24.92235345417741	24.637870311891337
90	25.09750702050548	25.264219023769712	24.8784912513701	24.759782704354713
>>END_MODULE
>>Per sequence GC content	pass
#GC Content	Count
0	0.0
1	0.0
2	1.0
3	3.0
4	4.0
5	3.5
6	3.5
7	8.0
8	10.0
9	12.5
10	17.0
11	14.5
12	15.5
13	17.0
14	20.5
15	48.5
16	73.0
17	102.5
18	163.5
19	286.0
20	375.0
21	499.5
22	772.5
23	1150.0
24	1679.0
25	2353.5
26	3162.0
27	4095.0
28	5312.0
29	6668.5
30	7307.0
31	8279.0
32	10280.5
33	12484.0
34	14883.5
35	17667.5
36	20842.5
37	24192.5
38	27706.0
39	31341.0
40	33196.0
41	34725.0
42	37636.5
43	40032.0
44	41715.0
45	42663.0
46	43055.5
47	43049.0
48	42670.5
49	41786.0
50	41159.0
51	40487.0
52	39251.5
53	37704.5
54	35903.0
55	34057.5
56	32203.0
57	30432.0
58	28164.0
59	25787.5
60	24735.0
61	23366.5
62	20507.5
63	17621.0
64	15146.0
65	12771.5
66	10439.0
67	8434.5
68	6635.5
69	5126.0
70	4448.0
71	3884.0
72	2871.5
73	2111.0
74	1559.5
75	1126.5
76	819.0
77	601.0
78	439.5
79	320.5
80	259.0
81	223.0
82	161.5
83	111.0
84	75.0
85	55.0
86	35.0
87	25.5
88	18.0
89	11.5
90	14.0
91	11.0
92	7.5
93	4.5
94	1.0
95	0.5
96	1.0
97	1.0
98	0.5
99	0.0
100	0.0
>>END_MODULE
>>Per base N content	pass
#Base	N-Count
1	0.0
2	0.0023
3	0.0012000000000000001
4	3.0000000000000003E-4
5	0.0012000000000000001
6	0.0
7	0.0021
8	6.000000000000001E-4
9	3.9999999999999996E-4
10-11	5.5E-4
12-13	5.5E-4
14-15	5.5E-4
16-17	0.0
18-19	0.0
20-21	0.0
22-23	0.0
24-25	4.5E-4
26-27	0.00325
28-29	0.00575
30-31	0.00415
32-33	0.0057
34-35	0.00435
36-37	0.00365
38-39	0.0031000000000000003
40-41	0.0017499999999999998
42-43	9.0E-4
44-45	0.00265
46-47	7.0E-4
48-49	0.0030499999999999998
50-51	3.0000000000000003E-4
52-53	0.0017
54-55	0.0023
56-57	0.0018
58-59	0.0078
60-61	0.00565
62-63	0.00475
64-65	0.00625
66-67	0.00425
68-69	0.006449999999999999
70-71	0.0045000000000000005
72-73	0.0039
74-75	0.0026
76-77	0.004699999999999999
78-79	0.00205
80-81	0.0014
82-83	0.00565
84-85	0.005399999999999999
86-87	0.0075
88-89	0.01165
90	0.0072
>>END_MODULE
>>Sequence Length Distribution	pass
#Length	Count
90	1000000.0
>>END_MODULE
>>Sequence Duplication Levels	pass
#Total Deduplicated Percentage	98.32431344136806
#Duplication Level	Percentage of deduplicated	Percentage of total
1	98.51023600883738	96.85951322516068
2	1.359161356503754	2.672772144685402
3	0.07687977039323805	0.22677451924335437
4	0.025729295985266534	0.10119261452324319
5	0.02583227448028833	0.12699703264516612
6	0.0021612938000587943	0.01275046374215198
7	0.0	0.0
8	0.0	0.0
9	0.0	0.0
>10	0.0	0.0
>50	0.0	0.0
>100	0.0	0.0
>500	0.0	0.0
>1k	0.0	0.0
>5k	0.0	0.0
>10k+	0.0	0.0
>>END_MODULE
>>Overrepresented sequences	pass
>>END_MODULE
>>Adapter Content	pass
#Position	Illumina Universal Adapter	Illumina Small RNA Adapter	Nextera Transposase Sequence
1	0.0388	0.0	0.0
2	0.0391	0.0	1.0E-4
3	0.0391	0.0	1.0E-4
4	0.0391	0.0	1.0E-4
5	0.0392	0.0	1.0E-4
6	0.0393	0.0	1.0E-4
7	0.0394	0.0	1.0E-4
8	0.0395	0.0	1.0E-4
9	0.0396	0.0	1.0E-4
10-11	0.0399	0.0	1.0E-4
12-13	0.0406	0.0	2.0E-4
14-15	0.041550000000000004	0.0	2.0E-4
16-17	0.042800000000000005	0.0	2.0E-4
18-19	0.044	0.0	2.0E-4
20-21	0.04575	0.0	2.5E-4
22-23	0.04755	0.0	3.0E-4
24-25	0.04895	0.0	3.0E-4
26-27	0.050449999999999995	0.0	3.0E-4
28-29	0.05215	0.0	3.0E-4
30-31	0.0536	0.0	3.0E-4
32-33	0.0561	0.0	3.0E-4
34-35	0.0694	0.0	3.0E-4
36-37	0.08	0.0	3.5E-4
38-39	0.08255000000000001	0.0	5.0E-4
40-41	0.08555	0.0	5.0E-4
42-43	0.08895	0.0	5.0E-4
44-45	0.0927	0.0	5.0E-4
46-47	0.0964	0.0	5.499999999999999E-4
48-49	0.10055	0.0	7.0E-4
50-51	0.10525000000000001	5.0E-5	7.0E-4
52-53	0.1109	1.5000000000000001E-4	7.0E-4
54-55	0.1164	2.0E-4	7.0E-4
56-57	0.12185	2.0E-4	7.0E-4
58-59	0.12775	2.0E-4	7.0E-4
60-61	0.13369999999999999	2.5E-4	7.0E-4
62-63	0.1409	3.0E-4	7.0E-4
64-65	0.14705000000000001	3.0E-4	7.0E-4
66-67	0.1538	3.0E-4	7.0E-4
68-69	0.16125	3.0E-4	7.0E-4
70-71	0.1679	3.0E-4	7.0E-4
72-73	0.1746	3.0E-4	7.0E-4
74-75	0.18045	3.0E-4	7.0E-4
76-77	0.1883	3.0E-4	7.0E-4
78	0.1934	3.0E-4	7.0E-4
>>END_MODULE
>>Kmer Content	fail
#Sequence	Count	PValue	Obs/Exp Max	Max Obs/Exp Position
TACACTC	720	0.0	32.664936	1
ACGACGC	145	0.0	26.067585	16-17
ACTCTTT	930	0.0	24.837393	4
ACACTCT	1000	0.0	23.938732	2
CACGACG	155	0.0	23.031038	16-17
CTACACG	190	0.0	22.104092	12-13
CACTCTT	1085	0.0	22.063349	3
ACACGAC	195	0.0	21.537321	14-15
TACACGA	205	0.0	19.462383	14-15
CGACGCT	190	3.6379788E-12	17.683273	18-19
GATCGGA	400	7.2759576E-12	16.799109	2
AGATCGG	420	1.8189894E-11	15.999153	1
ATCGGAA	460	7.6397555E-11	14.607922	3
TTCCCTA	710	0.0	14.196431	9
TCGGAAG	480	1.5097612E-10	13.999259	4
GACGCTC	270	5.456968E-12	13.999259	18-19
CTCTTTC	1795	0.0	13.10237	5
TCCGATC	210	7.3861884E-8	13.000612	26-27
TTCCGAT	285	1.72804E-10	12.526905	26-27
TCTTTCC	1735	0.0	12.103106	6
>>END_MODULE
