##FastQC	0.10.1
>>Basic Statistics	pass
#Measure	Value	
Filename	son.2_phred33.fastq	
File type	Conventional base calls	
Encoding	Sanger / Illumina 1.9	
Total Sequences	69389975	
Filtered Sequences	0	
Sequence length	90	
%GC	48	
>>END_MODULE
>>Per base sequence quality	pass
#Base	Mean	Median	Lower Quartile	Upper Quartile	10th Percentile	90th Percentile
1	31.404609109601207	31.0	31.0	34.0	28.0	34.0
2	31.35704476042829	33.0	31.0	34.0	28.0	34.0
3	31.444849893662592	33.0	31.0	34.0	28.0	34.0
4	34.96866165465545	37.0	35.0	37.0	32.0	37.0
5	35.05937511866808	37.0	35.0	37.0	32.0	37.0
6	34.607420538773795	37.0	35.0	37.0	30.0	37.0
7	34.879839991295576	37.0	35.0	37.0	32.0	37.0
8	34.928850572434996	37.0	35.0	37.0	32.0	37.0
9	36.48932866743359	39.0	37.0	39.0	32.0	39.0
10-14	36.73995919151146	39.2	37.2	39.4	32.0	39.4
15-19	37.654414471254675	40.0	37.0	41.0	32.0	41.0
20-24	37.36835254948572	40.0	37.0	41.0	31.6	41.0
25-29	36.95292869034756	39.4	36.4	41.0	30.4	41.0
30-34	36.77941490251294	39.8	36.0	41.0	30.0	41.0
35-39	36.58348993208313	39.2	36.0	41.0	30.0	41.0
40-44	36.35395916773281	39.0	35.8	41.0	29.6	41.0
45-49	35.9318259301866	39.0	35.0	41.0	28.2	41.0
50-54	34.93728734157924	38.2	34.2	39.8	26.4	40.6
55-59	35.207454592684314	38.4	34.4	40.0	26.6	41.0
60-64	34.56462261011046	37.6	34.0	40.0	26.0	41.0
65-69	33.70297124332441	36.4	33.0	39.4	24.2	41.0
70-74	32.71681562358251	35.2	32.2	38.6	22.4	40.2
75-79	31.665707906653658	35.0	31.2	36.8	19.6	39.0
80-84	30.61437438189018	34.6	30.8	35.6	13.0	37.6
85-89	29.466821116450898	34.0	30.0	35.0	2.0	36.2
90	28.62082904627073	34.0	30.0	35.0	2.0	36.0
>>END_MODULE
>>Per sequence quality scores	pass
#Quality	Count
2	335513.0
3	59013.0
4	61009.0
5	79079.0
6	99682.0
7	118878.0
8	135824.0
9	154285.0
10	173338.0
11	188680.0
12	204074.0
13	215302.0
14	220790.0
15	226256.0
16	230305.0
17	237371.0
18	248582.0
19	266547.0
20	291596.0
21	324450.0
22	367160.0
23	426110.0
24	498785.0
25	588032.0
26	701993.0
27	841650.0
28	1012116.0
29	1230502.0
30	1505966.0
31	1863177.0
32	2338593.0
33	2989154.0
34	3943286.0
35	5354803.0
36	7667352.0
37	1.1271371E7
38	1.4172428E7
39	8505726.0
40	241197.0
>>END_MODULE
>>Per base sequence content	pass
#Base	G	A	T	C
1	20.844007614872076	27.416519080446513	27.42253165652312	24.3169416481583
2	23.860859146091165	27.88242119897576	25.56689298987659	22.68982666505649
3	24.14379343373235	26.24625310304694	26.02076460461335	23.58918885860736
4	24.101936018548685	25.178049513512978	26.289975136909128	24.43003933102921
5	23.899877756102008	25.627570552458362	26.791780913041947	23.68077077839769
6	24.28899183039535	25.503801322745133	25.550780204727623	24.65642664213189
7	24.3114584919074	25.69161698585358	26.21869302778378	23.778231494455245
8	23.757532393471514	25.985415286958553	26.342061799859785	23.91499051971015
9	23.63993751966173	25.706579666648967	26.5542057683673	24.099277045322008
10-14	23.527766112543883	25.889531158759173	26.544446063764042	24.0382566649329
15-19	23.505327014362777	25.7773474290725	26.563922891923614	24.15340266464111
20-24	23.65273612584385	25.73492975117254	26.404873959073978	24.20746016390963
25-29	23.76312988263022	25.813263249304452	26.228171024324997	24.195435843740327
30-34	23.86781203670278	25.834983080738837	26.114768623108443	24.182436259449936
35-39	23.905664121321628	25.862752341783445	26.05900045930392	24.172583077591007
40-44	23.963863700936624	25.915503284468468	26.00672663779921	24.113906376795697
45-49	24.03497127848484	25.932117385678687	25.924428445261892	24.108482890574574
50-54	24.044018130796292	25.98609862683633	25.919094400441633	24.050788841925744
55-59	24.105347317055976	26.056839545358372	25.859610560420986	23.978202577164666
60-64	24.175571038182465	26.094368232559077	25.79346826846714	23.936592460791314
65-69	24.287242810544186	26.16781457183054	25.697857023681607	23.847085593943664
70-74	24.458239918068003	26.259126556337492	25.56834364301894	23.714289882575567
75-79	24.68879534425337	26.337390687995065	25.407331291340512	23.56648267641105
80-84	24.982354735548604	26.438666056426314	25.219471647532433	23.359507560492652
85-89	25.313766831305394	26.541044662582518	25.011257005000854	23.13393150111123
90	25.589857217967328	26.5514146500852	24.838595314993757	23.020132816953716
>>END_MODULE
>>Per base GC content	pass
#Base	%GC
1	45.160949263030375
2	46.55068581114765
3	47.73298229233971
4	48.53197534957789
5	47.580648534499694
6	48.94541847252724
7	48.08968998636264
8	47.672522913181666
9	47.73921456498374
10-14	47.56602277747678
15-19	47.65872967900388
20-24	47.86019628975348
25-29	47.95856572637055
30-34	48.050248296152716
35-39	48.078247198912635
40-44	48.077770077732325
45-49	48.14345416905941
50-54	48.09480697272204
55-59	48.08354989422064
60-64	48.11216349897378
65-69	48.134328404487846
70-74	48.172529800643574
75-79	48.25527802066442
80-84	48.341862296041256
85-89	48.44769833241663
90	48.60999003492104
>>END_MODULE
>>Per sequence GC content	pass
#GC Content	Count
0	32648.0
1	17475.0
2	1759.5
3	1181.0
4	1255.0
5	1484.5
6	1843.0
7	2293.0
8	2725.0
9	3163.0
10	3380.0
11	3647.0
12	4302.5
13	5021.5
14	6038.5
15	7706.5
16	10338.0
17	14839.5
18	22379.5
19	34595.5
20	42123.0
21	53136.5
22	79849.5
23	117478.0
24	167199.0
25	231994.0
26	313606.5
27	410951.5
28	525904.0
29	658762.0
30	729403.0
31	806258.5
32	971210.5
33	1155227.5
34	1352683.5
35	1557830.0
36	1764442.0
37	1965982.5
38	2144671.0
39	2292474.0
40	2360128.0
41	2407155.0
42	2482810.5
43	2529191.5
44	2561732.5
45	2586506.5
46	2594737.5
47	2587658.0
48	2574601.0
49	2551575.0
50	2536281.0
51	2515978.5
52	2468327.5
53	2412703.5
54	2361583.0
55	2304929.0
56	2225455.0
57	2120978.0
58	1991050.5
59	1836957.5
60	1753980.0
61	1664868.0
62	1480051.0
63	1286066.0
64	1093482.0
65	913336.0
66	748375.5
67	596749.5
68	462484.5
69	350552.5
70	300378.0
71	260155.5
72	189854.0
73	137731.0
74	99835.0
75	72050.5
76	51970.5
77	38200.5
78	28105.0
79	20293.0
80	16954.0
81	14890.0
82	10869.0
83	7626.0
84	5412.0
85	3857.5
86	2879.5
87	2164.5
88	1595.5
89	1233.0
90	1076.0
91	952.5
92	737.5
93	542.5
94	390.5
95	284.5
96	188.5
97	125.0
98	70.0
99	27.5
100	15.0
>>END_MODULE
>>Per base N content	pass
#Base	N-Count
1	0.07490275072155596
2	0.08062547940102299
3	0.08782248444389841
4	0.08863960536086085
5	0.08371382177324606
6	0.054095710511496795
7	0.0502911263478622
8	0.05047991442567892
9	0.05602826633097936
10-14	0.05151089908880929
15-19	0.055132747922160226
20-24	0.05234070195298384
25-29	0.06127081037282403
30-34	0.06763974190796293
35-39	0.06867533818826134
40-44	0.07182017287079293
45-49	0.07035771377637763
50-54	0.06799973627314321
55-59	0.0683510838561334
60-64	0.07222887744231066
65-69	0.07274537856513136
70-74	0.0722441534241798
75-79	0.07158440394307679
80-84	0.07060241771235685
85-89	0.0753140493277307
90	0.07470675699191417
>>END_MODULE
>>Sequence Length Distribution	pass
#Length	Count
90	6.9389975E7
>>END_MODULE
>>Sequence Duplication Levels	warn
#Total Duplicate Percentage	38.65913818129218
#Duplication Level	Relative count
1	100.0
2	34.97617460033502
3	12.919383954853714
4	5.374131958561694
5	2.5516759095122703
6	1.3685374619850705
7	0.7863195043015824
8	0.5627022719510807
9	0.4025110182309031
10++	3.6892777569971864
>>END_MODULE
>>Overrepresented sequences	pass
>>END_MODULE
>>Kmer Content	warn
#Sequence	Count	Obs/Exp Overall	Obs/Exp Max	Max Obs/Exp Position
GGAAG	14346455	2.5288458	5.10626	85-86
>>END_MODULE
