##FastQC	0.11.2
>>Basic Statistics	pass
#Measure	Value
Filename	mother.1.0_phred33.fastq.gz
File type	Conventional base calls
Encoding	Sanger / Illumina 1.9
Total Sequences	1000000
Sequences flagged as poor quality	0
Sequence length	90
%GC	48
>>END_MODULE
>>Per base sequence quality	pass
#Base	Mean	Median	Lower Quartile	Upper Quartile	10th Percentile	90th Percentile
1	37.806144	39.0	38.0	39.0	35.0	39.0
2	37.616365	39.0	37.0	39.0	35.0	39.0
3	37.611947	39.0	37.0	39.0	35.0	39.0
4	37.550456	39.0	37.0	39.0	35.0	39.0
5	37.498378	39.0	37.0	39.0	35.0	39.0
6	37.542578	39.0	37.0	39.0	35.0	39.0
7	37.468778	39.0	37.0	39.0	35.0	39.0
8	37.419457	39.0	37.0	39.0	35.0	39.0
9	37.320207	39.0	37.0	39.0	34.0	39.0
10-11	37.3038555	39.0	37.0	39.0	34.0	39.0
12-13	37.248727	39.0	37.0	39.0	34.0	39.0
14-15	37.106098	39.0	37.0	39.0	33.5	39.0
16-17	37.114137	39.0	37.0	39.0	33.5	39.0
18-19	36.9530245	39.0	36.5	39.0	33.0	39.0
20-21	36.811861500000006	38.0	36.0	39.0	33.0	39.0
22-23	36.710858	38.0	36.0	39.0	33.0	39.0
24-25	36.5934825	38.0	36.0	39.0	33.0	39.0
26-27	36.374743	38.0	36.0	39.0	32.0	39.0
28-29	36.2561195	38.0	36.0	39.0	31.5	39.0
30-31	36.3584855	38.0	36.0	39.0	32.5	39.0
32-33	36.239695	38.0	36.0	39.0	31.5	39.0
34-35	36.089175499999996	38.0	36.0	39.0	31.0	39.0
36-37	35.8886405	38.0	36.0	39.0	31.0	39.0
38-39	35.750825	38.0	35.5	39.0	30.5	39.0
40-41	35.4734895	37.5	35.0	39.0	30.0	39.0
42-43	35.3064975	37.0	35.0	39.0	29.5	39.0
44-45	35.0469175	37.0	35.0	39.0	29.0	39.0
46-47	34.808003	37.0	34.5	39.0	28.0	39.0
48-49	34.534672	37.0	34.0	39.0	27.5	39.0
50-51	34.207525000000004	37.0	34.0	39.0	26.5	39.0
52-53	33.8402205	37.0	33.0	39.0	26.0	39.0
54-55	33.5761375	37.0	33.0	39.0	25.0	39.0
56-57	33.2017975	36.5	33.0	39.0	23.5	39.0
58-59	32.882090500000004	36.0	32.5	38.5	22.5	39.0
60-61	32.432136	36.0	32.0	38.0	20.5	39.0
62-63	31.893027500000002	36.0	31.0	37.5	19.0	39.0
64-65	31.479437500000003	35.0	30.0	37.0	17.5	39.0
66-67	31.0224365	35.0	30.0	37.0	13.0	39.0
68-69	30.4875575	35.0	29.0	37.0	11.0	39.0
70-71	29.902151	34.5	28.5	37.0	5.5	39.0
72-73	29.1513385	34.0	27.0	36.0	2.0	38.0
74-75	28.656149499999998	33.0	26.0	36.0	2.0	37.0
76-77	30.195780999999997	35.5	29.0	38.0	2.0	39.0
78-79	29.849949	35.0	28.0	38.0	2.0	39.0
80-81	29.791943	35.5	28.5	37.5	2.0	39.0
82-83	29.557537	35.5	28.0	38.0	2.0	39.0
84-85	29.0090505	35.0	27.0	38.0	2.0	39.0
86-87	28.193293500000003	35.0	25.5	37.5	2.0	39.0
88-89	27.5327485	34.0	23.0	37.0	2.0	39.0
90	27.107702	34.0	22.0	37.0	2.0	39.0
>>END_MODULE
>>Per tile sequence quality	pass
#Tile	Base	Mean
1101	1	0.049137239089908746
1101	2	0.0805588408975666
1101	3	0.053099983205697754
1101	4	0.07354677943238386
1101	5	0.08273150620507863
1101	6	0.05531879861680977
1101	7	0.038005646405551374
1101	8	-0.06474116043700207
1101	9	0.13789032124579137
1101	10-11	0.08325370141306365
1101	12-13	0.05280736247719631
1101	14-15	0.10137500612657391
1101	16-17	0.04890350378614272
1101	18-19	0.04994322650524197
1101	20-21	0.04194099705608778
1101	22-23	-0.1039349691436442
1101	24-25	-0.116008098267109
1101	26-27	-0.21546320269319352
1101	28-29	-0.24248818096576485
1101	30-31	-0.18919594015885366
1101	32-33	-0.19459135321630328
1101	34-35	-0.23488416051154815
1101	36-37	-0.24404155497299485
1101	38-39	-0.28845762035351186
1101	40-41	-0.3178927813772461
1101	42-43	-0.34498450218790566
1101	44-45	-0.33731453654972654
1101	46-47	-0.45769586812178886
1101	48-49	-0.4024556629832219
1101	50-51	-0.48676107329998075
1101	52-53	-0.45541650554351065
1101	54-55	-0.4950037696973908
1101	56-57	-0.48149309812863805
1101	58-59	-0.5013943006849502
1101	60-61	-0.45649193514414677
1101	62-63	-0.5326148022577541
1101	64-65	-0.5228128022668912
1101	66-67	-0.5106265300055348
1101	68-69	-0.4994995473921655
1101	70-71	-0.5641488309958369
1101	72-73	-0.49167108116246183
1101	74-75	-0.535549786318267
1101	76-77	-0.5768624777388283
1101	78-79	-0.5573731803220667
1101	80-81	-0.5738835627593986
1101	82-83	-0.4938179559452287
1101	84-85	-0.5176846145621461
1101	86-87	-0.3538597356074398
1101	88-89	-0.43299437033653376
1101	90	-0.45109429937389933
1102	1	-0.04913723908991585
1102	2	-0.08055884089755949
1102	3	-0.053099983205697754
1102	4	-0.07354677943239096
1102	5	-0.08273150620507863
1102	6	-0.05531879861681688
1102	7	-0.038005646405551374
1102	8	0.06474116043700917
1102	9	-0.13789032124578426
1102	10-11	-0.08325370141307076
1102	12-13	-0.05280736247719631
1102	14-15	-0.10137500612657391
1102	16-17	-0.04890350378614272
1102	18-19	-0.04994322650524197
1102	20-21	-0.04194099705608778
1102	22-23	0.10393496914363709
1102	24-25	0.116008098267109
1102	26-27	0.21546320269318642
1102	28-29	0.24248818096575775
1102	30-31	0.18919594015885366
1102	32-33	0.19459135321629617
1102	34-35	0.23488416051155525
1102	36-37	0.24404155497299485
1102	38-39	0.28845762035351896
1102	40-41	0.3178927813772532
1102	42-43	0.34498450218790566
1102	44-45	0.33731453654972654
1102	46-47	0.45769586812178886
1102	48-49	0.4024556629832219
1102	50-51	0.48676107329998075
1102	52-53	0.45541650554351065
1102	54-55	0.4950037696973979
1102	56-57	0.48149309812864516
1102	58-59	0.5013943006849502
1102	60-61	0.45649193514414677
1102	62-63	0.5326148022577541
1102	64-65	0.5228128022668876
1102	66-67	0.5106265300055348
1102	68-69	0.4994995473921655
1102	70-71	0.5641488309958369
1102	72-73	0.4916710811624583
1102	74-75	0.5355497863182705
1102	76-77	0.5768624777388247
1102	78-79	0.5573731803220667
1102	80-81	0.5738835627593986
1102	82-83	0.4938179559452287
1102	84-85	0.5176846145621461
1102	86-87	0.3538597356074433
1102	88-89	0.43299437033653376
1102	90	0.45109429937389933
>>END_MODULE
>>Per sequence quality scores	pass
#Quality	Count
2	829.0
3	49.0
4	87.0
5	211.0
6	322.0
7	527.0
8	855.0
9	1232.0
10	1719.0
11	2009.0
12	2238.0
13	2721.0
14	3204.0
15	3934.0
16	4438.0
17	5336.0
18	5880.0
19	6898.0
20	7351.0
21	8420.0
22	9099.0
23	10344.0
24	11453.0
25	12782.0
26	14195.0
27	16088.0
28	18801.0
29	22592.0
30	26946.0
31	33469.0
32	41858.0
33	53655.0
34	70443.0
35	95459.0
36	134768.0
37	205621.0
38	164167.0
>>END_MODULE
>>Per base sequence content	pass
#Base	G	A	T	C
1	22.042323533588977	27.655022594021734	26.84277801448658	23.459875857902706
2	23.4739	27.618100000000002	27.326299999999996	21.5817
3	23.1463	26.085199999999997	27.7211	23.0474
4	23.630699999999997	25.888699999999996	27.112199999999998	23.3684
5	23.8873	25.651400000000002	26.8532	23.6081
6	24.1666	25.2824	26.079200000000004	24.471799999999998
7	24.0504	25.646600000000003	26.261000000000003	24.041999999999998
8	23.4109	25.6718	26.6787	24.238599999999998
9	23.4763	25.3999	26.7887	24.3351
10-11	23.5235	25.753049999999998	26.4916	24.231849999999998
12-13	23.37185	25.723000000000003	26.57665	24.328500000000002
14-15	23.43305	25.8115	26.53275	24.2227
16-17	23.46445	25.722099999999998	26.472550000000002	24.340899999999998
18-19	23.6081	25.566699999999997	26.41335	24.411849999999998
20-21	23.65455	25.5293	26.3486	24.46755
22-23	23.67795378782159	25.608553018101958	26.268919857456364	24.444573336620085
24-25	23.77119945418877	25.37426984242902	26.319085486083114	24.535445217299095
26-27	23.90445	25.42055	26.206649999999996	24.46835
28-29	23.96265	25.4474	26.1359	24.45405
30-31	24.011850000000003	25.450699999999998	26.060850000000002	24.4766
32-33	23.98805	25.38265	26.077749999999998	24.55155
34-35	24.0279	25.45025	26.043149999999997	24.4787
36-37	24.1006	25.399749999999997	26.0191	24.48055
38-39	24.10485	25.311099999999996	25.99145	24.5926
40-41	24.1192	25.36355	25.93615	24.5811
42-43	24.1735	25.330399999999997	25.9229	24.5732
44-45	24.147550000000003	25.2587	25.9361	24.65765
46-47	24.25035	25.3084	25.833099999999998	24.608150000000002
48-49	24.24775	25.289450000000002	25.837149999999998	24.62565
50-51	24.30395	25.2748	25.830849999999998	24.590400000000002
52-53	24.3387	25.31345	25.7838	24.56405
54-55	24.3736	25.350499999999997	25.693700000000003	24.5822
56-57	24.46835	25.246049999999997	25.7073	24.5783
58-59	24.434549999999998	25.363000000000003	25.61695	24.5855
60-61	24.48885	25.314249999999998	25.5745	24.6224
62-63	24.58664751988512	25.252301513809083	25.54750328501971	24.61354768128609
64-65	24.58913524024382	25.30773919256556	25.525740391572153	24.577385175618467
66-67	24.587559819138825	25.193663758814434	25.544916041954274	24.67386038009247
68-69	24.67624611495338	25.21005252063025	25.47195566346796	24.641745700948412
70-71	24.750472255194808	25.212277335050686	25.42537967917647	24.611870730578037
72-73	24.73805	25.217650000000003	25.355349999999998	24.688950000000002
74-75	24.775785369961014	25.080138261313483	25.341840747487097	24.802235621238403
76-77	24.715583660379416	25.23614068789929	25.393492812152964	24.654782839568334
78-79	24.879110988887362	25.12626407830098	25.36006700083751	24.63455793197415
80-81	24.864982706886092	25.10924137806892	25.303048258213167	24.722727656831818
82-83	24.93577326587818	25.14062879697752	25.268932261171052	24.65466567597325
84-85	24.98999991999936	25.102150817206535	25.187751502012016	24.720097760782085
86-87	25.045000270001623	25.06165036990222	25.21545129270776	24.677898067388405
88-89	25.0213375320063	25.121687682531523	25.135237702856557	24.721737082605625
90	25.11050132601591	25.04110049320592	25.09710116521398	24.751297015564187
>>END_MODULE
>>Per sequence GC content	pass
#GC Content	Count
0	0.0
1	0.0
2	0.0
3	0.0
4	0.0
5	0.0
6	0.5
7	1.0
8	2.5
9	3.0
10	2.0
11	5.5
12	7.0
13	7.0
14	13.5
15	27.5
16	44.0
17	79.0
18	151.5
19	251.5
20	307.0
21	425.0
22	738.5
23	1104.0
24	1620.0
25	2323.5
26	3119.0
27	4092.5
28	5346.0
29	6813.0
30	7562.0
31	8333.0
32	10185.0
33	12454.0
34	14850.0
35	17621.0
36	20720.0
37	24185.0
38	27905.0
39	31442.5
40	33189.0
41	34553.0
42	37539.5
43	39922.5
44	41544.5
45	42716.5
46	43028.5
47	42922.0
48	42619.0
49	41841.5
50	41259.0
51	40778.5
52	39364.0
53	37596.5
54	35932.0
55	34380.5
56	32713.5
57	30562.0
58	28147.5
59	25759.5
60	24581.0
61	23310.5
62	20771.5
63	18165.0
64	15327.0
65	12635.0
66	10335.5
67	8312.5
68	6590.0
69	5061.5
70	4340.0
71	3821.0
72	2783.0
73	2018.5
74	1498.5
75	1034.5
76	728.5
77	532.0
78	391.0
79	279.0
80	228.0
81	195.0
82	138.5
83	94.5
84	67.0
85	48.0
86	32.0
87	19.5
88	7.0
89	5.0
90	7.0
91	5.0
92	1.5
93	0.5
94	0.5
95	0.0
96	0.0
97	0.0
98	0.0
99	0.0
100	0.0
>>END_MODULE
>>Per base N content	pass
#Base	N-Count
1	0.0178
2	0.0
3	0.0
4	0.0
5	0.0
6	0.0
7	0.0
8	0.0
9	0.0
10-11	0.0
12-13	0.0
14-15	0.0
16-17	0.0
18-19	0.0
20-21	0.0
22-23	0.00255
24-25	0.0387
26-27	0.0
28-29	0.0
30-31	0.0
32-33	0.0
34-35	0.0
36-37	0.0
38-39	0.0
40-41	0.0
42-43	0.0
44-45	0.0
46-47	0.0
48-49	0.0
50-51	0.0
52-53	0.0
54-55	0.0
56-57	0.0
58-59	0.0
60-61	0.0
62-63	6.000000000000001E-4
64-65	5.5E-4
66-67	6.5E-4
68-69	0.0012000000000000001
70-71	0.0011
72-73	0.0
74-75	9.500000000000001E-4
76-77	0.0013499999999999999
78-79	0.00125
80-81	0.00355
82-83	0.0026999999999999997
84-85	7.999999999999999E-4
86-87	6.000000000000001E-4
88-89	1.5000000000000001E-4
90	0.0012000000000000001
>>END_MODULE
>>Sequence Length Distribution	pass
#Length	Count
90	1000000.0
>>END_MODULE
>>Sequence Duplication Levels	pass
#Total Deduplicated Percentage	98.15349049872314
#Duplication Level	Percentage of deduplicated	Percentage of total
1	98.39948392596096	96.5825281060607
2	1.4126300178817954	2.7730913407674382
3	0.13263089609939352	0.39054556200386875
4	0.03221662578178723	0.12648697090294286
5	0.010350551172491517	0.050797136308284696
6	0.010824886633840009	0.06375002444186223
7	0.0018630964697472837	0.012800859514908123
8	0.0	0.0
9	0.0	0.0
>10	0.0	0.0
>50	0.0	0.0
>100	0.0	0.0
>500	0.0	0.0
>1k	0.0	0.0
>5k	0.0	0.0
>10k+	0.0	0.0
>>END_MODULE
>>Overrepresented sequences	pass
>>END_MODULE
>>Adapter Content	pass
#Position	Illumina Universal Adapter	Illumina Small RNA Adapter	Nextera Transposase Sequence
1	0.0422	0.0	0.0
2	0.0424	0.0	0.0
3	0.0424	1.0E-4	1.0E-4
4	0.0424	1.0E-4	1.0E-4
5	0.0424	1.0E-4	2.0E-4
6	0.0424	1.0E-4	2.0E-4
7	0.0424	1.0E-4	2.0E-4
8	0.0425	1.0E-4	2.0E-4
9	0.0425	1.0E-4	3.0E-4
10-11	0.042550000000000004	1.0E-4	3.0E-4
12-13	0.04295	1.5000000000000001E-4	3.0E-4
14-15	0.04375	2.0E-4	4.0E-4
16-17	0.04435	2.0E-4	4.0E-4
18-19	0.0446	2.0E-4	4.0E-4
20-21	0.0451	2.0E-4	4.0E-4
22-23	0.046049999999999994	2.0E-4	4.0E-4
24-25	0.047450000000000006	2.0E-4	4.0E-4
26-27	0.0482	2.0E-4	4.0E-4
28-29	0.0497	2.0E-4	4.0E-4
30-31	0.050949999999999995	2.0E-4	4.0E-4
32-33	0.05795	2.0E-4	4.0E-4
34-35	0.07325000000000001	2.0E-4	5.0E-4
36-37	0.08449999999999999	2.0E-4	5.499999999999999E-4
38-39	0.08704999999999999	2.0E-4	7.0E-4
40-41	0.08975	2.0E-4	7.5E-4
42-43	0.09235	2.0E-4	8.0E-4
44-45	0.09559999999999999	2.5E-4	8.0E-4
46-47	0.0995	3.0E-4	8.0E-4
48-49	0.1036	3.0E-4	8.0E-4
50-51	0.10795	3.0E-4	9.5E-4
52-53	0.11335	3.0E-4	0.001
54-55	0.11879999999999999	3.0E-4	0.001
56-57	0.12410000000000002	3.0E-4	0.001
58-59	0.12935000000000002	3.5E-4	0.001
60-61	0.13545000000000001	4.0E-4	0.001
62-63	0.1424	4.0E-4	0.001
64-65	0.14815	4.0E-4	0.001
66-67	0.1537	4.0E-4	0.001
68-69	0.1609	4.0E-4	0.001
70-71	0.16754999999999998	4.0E-4	0.001
72-73	0.1741	4.0E-4	0.001
74-75	0.18009999999999998	4.0E-4	0.001
76-77	0.1888	4.0E-4	0.001
78	0.1941	4.0E-4	0.001
>>END_MODULE
>>Kmer Content	fail
#Sequence	Count	PValue	Obs/Exp Max	Max Obs/Exp Position
GATCGGA	355	1.8189894E-12	18.928484	2
AGATCGG	390	5.456968E-12	17.234945	1
ATCGGAA	410	2.1100277E-10	15.364966	3
TCGGAAG	445	4.5474735E-11	15.100252	4
CGCCGTG	100	7.0106785E-4	14.707976	24-25
TACACTC	390	4.2207466E-7	12.9262085	1
ACGACGC	135	4.7538677E-4	12.443727	16-17
ACACGAC	160	1.4913085E-4	11.811818	14-15
CGGAAGA	565	2.536035E-8	11.149798	5
CTACACG	175	0.004144494	9.599446	12-13
ACACTCT	710	7.0132955E-8	9.464242	2
CAGACGT	285	3.8315298E-4	8.104795	10-11
TCAGACG	260	0.0013883645	8.076457	10-11
TTCAGAC	735	1.0763732E-5	7.999538	9
TTCCCTA	545	0.0022023171	7.705977	9
GTTCAGA	675	2.833668E-4	7.466236	8
CACTCTT	800	2.641252E-4	6.824606	3
AGACGTG	345	0.0029213082	6.695266	12-13
GAGTTCA	770	0.0012747664	6.545077	6
ACTCTTT	780	0.0014749503	6.461166	4
>>END_MODULE
