##FastQC	0.10.1
>>Basic Statistics	pass
#Measure	Value	
Filename	mother.1_phred33.fastq	
File type	Conventional base calls	
Encoding	Sanger / Illumina 1.9	
Total Sequences	35602722	
Filtered Sequences	0	
Sequence length	90	
%GC	48	
>>END_MODULE
>>Per base sequence quality	pass
#Base	Mean	Median	Lower Quartile	Upper Quartile	10th Percentile	90th Percentile
1	37.63979560326876	39.0	37.0	39.0	35.0	39.0
2	37.4525532064655	39.0	37.0	39.0	35.0	39.0
3	37.430087873618206	39.0	37.0	39.0	35.0	39.0
4	37.4037141879208	39.0	37.0	39.0	35.0	39.0
5	37.29960813108616	39.0	37.0	39.0	35.0	39.0
6	37.32192825031749	39.0	37.0	39.0	35.0	39.0
7	37.263225575842206	39.0	37.0	39.0	34.0	39.0
8	37.162278799918724	39.0	37.0	39.0	34.0	39.0
9	37.12194393451153	39.0	37.0	39.0	33.0	39.0
10-14	37.054471160941006	38.8	36.8	39.0	33.4	39.0
15-19	36.825741059911095	38.0	36.2	39.0	33.0	39.0
20-24	36.4993550886362	38.0	36.0	39.0	32.2	39.0
25-29	36.057217024024176	38.0	36.0	39.0	31.0	39.0
30-34	35.92040058060729	38.0	35.8	39.0	30.8	39.0
35-39	35.53592078718026	37.6	35.0	39.0	30.0	39.0
40-44	34.99525395839116	37.0	34.6	39.0	28.4	39.0
45-49	34.37598715064539	37.0	33.8	39.0	27.0	39.0
50-54	33.59617897193366	36.6	33.0	39.0	24.8	39.0
55-59	32.79548890110144	36.0	32.4	38.4	22.4	39.0
60-64	31.804022917124144	35.8	30.6	37.4	18.6	39.0
65-69	30.651757385292058	35.0	29.4	37.0	12.0	39.0
70-74	29.13255006737968	34.0	26.8	36.4	3.0	38.2
75-79	29.519337639408583	34.6	27.6	37.2	2.0	38.6
80-84	29.427893923391586	35.2	27.8	37.8	2.0	39.0
85-89	27.894125117736785	34.6	24.0	37.4	2.0	39.0
90	26.89554613268053	34.0	21.0	37.0	2.0	39.0
>>END_MODULE
>>Per sequence quality scores	pass
#Quality	Count
2	33184.0
3	2070.0
4	4550.0
5	9317.0
6	14579.0
7	24559.0
8	39801.0
9	55786.0
10	69354.0
11	79625.0
12	92014.0
13	112703.0
14	125669.0
15	152695.0
16	169487.0
17	198624.0
18	218966.0
19	254258.0
20	276029.0
21	311324.0
22	336491.0
23	377197.0
24	414923.0
25	473033.0
26	530783.0
27	616687.0
28	719441.0
29	860798.0
30	1033838.0
31	1273157.0
32	1583850.0
33	2012244.0
34	2616343.0
35	3498030.0
36	4811204.0
37	6934986.0
38	5265114.0
39	9.0
>>END_MODULE
>>Per base sequence content	pass
#Base	G	A	T	C
1	22.04245542135248	27.74043775670855	26.86988103427148	23.347225787667494
2	23.457249297346067	27.596414725999747	27.458026884074684	21.488309092579502
3	23.143084396749213	26.14218654405132	27.854148342927264	22.8605807162722
4	23.65332909096108	25.95161965425003	27.23922064161274	23.15583061317615
5	23.870374293291395	25.643676907625206	26.925994591087726	23.55995420799567
6	24.11155529063199	25.412677716046545	26.12705567849559	24.34871131482587
7	23.998841998653923	25.703759392329612	26.33686547899343	23.960533130023034
8	23.314826883180448	25.74051781771068	26.74123343715124	24.203421861957633
9	23.41262558520104	25.456444032565823	26.859131725939385	24.271798656293754
10-14	23.383651957847494	25.822844107256742	26.62719608910802	24.166307845787745
15-19	23.452171437902976	25.708525320058396	26.55135020294235	24.28795303909628
20-24	23.61243283637662	25.564757092830742	26.42949236020139	24.39331771059125
25-29	23.8146670672742	25.513802757270486	26.264171079491984	24.407359095963333
30-34	23.92571138141557	25.4803760402791	26.165417455432223	24.4284951228731
35-39	24.01287889024761	25.44050517652796	26.084930619350704	24.46168531387372
40-44	24.11890978646381	25.442298183248425	25.987696196737968	24.451095833549797
45-49	24.207008220671337	25.385432889962793	25.902078395927504	24.505480493438366
50-54	24.295545471212165	25.37128273258011	25.833572717814807	24.49959907839292
55-59	24.376490174439397	25.363054425145148	25.743176032890748	24.51727936752471
60-64	24.485554444677945	25.324259735365718	25.63912825121323	24.551057568743108
65-69	24.57039157715221	25.28353640669684	25.580536714210368	24.56553530194058
70-74	24.687629396388683	25.254266581121477	25.46255812656499	24.595545895924857
75-79	24.739244914296442	25.222330988986393	25.440460874112624	24.59796322260454
80-84	24.8287350466807	25.18236555448431	25.366756486247915	24.622142912587076
85-89	24.936170294522853	25.154089747631538	25.26633391997754	24.643406037868072
90	25.016651076223713	25.074289038862887	25.18937676084201	24.719683124071395
>>END_MODULE
>>Per base GC content	pass
#Base	%GC
1	45.38968120901997
2	44.94555838992557
3	46.00366511302141
4	46.80915970413723
5	47.430328501287065
6	48.46026660545786
7	47.95937512867695
8	47.51824874513808
9	47.684424241494796
10-14	47.54995980363524
15-19	47.740124476999256
20-24	48.005750546967874
25-29	48.22202616323753
30-34	48.35420650428867
35-39	48.47456420412133
40-44	48.5700056200136
45-49	48.71248871410971
50-54	48.795144549605084
55-59	48.893769541964105
60-64	49.036612013421056
65-69	49.13592687909279
70-74	49.283175292313544
75-79	49.33720813690098
80-84	49.45087795926778
85-89	49.57957633239092
90	49.736334200295104
>>END_MODULE
>>Per sequence GC content	pass
#GC Content	Count
0	7.0
1	5.0
2	3.0
3	5.5
4	9.5
5	12.5
6	21.5
7	34.0
8	51.5
9	82.0
10	100.0
11	128.5
12	192.0
13	282.5
14	491.5
15	881.5
16	1574.0
17	2878.5
18	5275.0
19	9371.5
20	11920.0
21	15721.5
22	25453.5
23	39652.5
24	58520.5
25	82906.0
26	113552.0
27	150413.5
28	193823.5
29	244249.5
30	271267.0
31	302292.0
32	369754.0
33	448413.5
34	538996.0
35	640647.0
36	753004.5
37	876240.0
38	1004278.5
39	1132190.0
40	1196232.0
41	1252543.0
42	1353631.0
43	1434636.5
44	1498181.0
45	1539545.5
46	1553272.0
47	1544415.5
48	1525718.5
49	1495505.5
50	1475455.0
51	1450317.0
52	1395322.0
53	1333036.0
54	1269433.0
55	1207072.0
56	1141744.5
57	1068087.0
58	986974.0
59	901394.5
60	857411.0
61	810869.5
62	716367.0
63	620819.5
64	527301.5
65	439665.0
66	359819.0
67	288152.5
68	226536.0
69	174192.5
70	149940.0
71	130556.0
72	96014.0
73	70237.5
74	51302.5
75	36981.5
76	26665.5
77	19202.5
78	13840.5
79	10006.0
80	8382.0
81	7178.0
82	5091.0
83	3457.5
84	2254.5
85	1510.0
86	1009.0
87	636.5
88	366.0
89	200.0
90	141.0
91	111.5
92	64.0
93	38.0
94	22.5
95	9.5
96	3.0
97	2.0
98	1.0
99	0.0
100	0.0
>>END_MODULE
>>Per base N content	pass
#Base	N-Count
1	0.01803232910112884
2	0.05853204145458316
3	0.0
4	0.0
5	0.0
6	0.0
7	0.0
8	0.0
9	0.0
10-14	0.0
15-19	0.0
20-24	7.448868656727988E-4
25-29	0.009712740503380612
30-34	0.007540434689235279
35-39	0.014208464173048344
40-44	0.010886246281955633
45-49	0.006449506866357016
50-54	0.002805965229287806
55-59	0.00874820751065045
60-64	0.015844855907365736
65-69	0.02117815598481487
70-74	0.009250416302438898
75-79	0.0038328530048910305
80-84	0.005469806494009082
85-89	0.004455839078820996
90	0.008204428863613293
>>END_MODULE
>>Sequence Length Distribution	pass
#Length	Count
90	3.5602722E7
>>END_MODULE
>>Sequence Duplication Levels	warn
#Total Duplicate Percentage	46.222859504214526
#Duplication Level	Relative count
1	100.0
2	47.32948811717108
3	19.226389416088804
4	7.694444187273754
5	3.2347958116152684
6	1.648875598307611
7	0.8813753899993519
8	0.6267764065436567
9	0.43605862257320877
10++	4.0846935091146435
>>END_MODULE
>>Overrepresented sequences	pass
>>END_MODULE
>>Kmer Content	pass
>>END_MODULE
